(((Leaf_1:0.05,Leaf_2:0.65)Node_2:0.15,(Leaf_3:0.25,Leaf_4:0.10)Node_3:0.20)Node_1:0.30,(Leaf_5:0.10,Leaf_6:0.10)Node_4:0.60,(Leaf_7:0.35,Leaf_8:0.02)Node_5:0.25)Root:0.00;

Root Node_1
[[0.76631621 0.1069743  0.03144286 0.09526662]
 [0.1210169  0.70984399 0.11032884 0.05881027]
 [0.12949065 0.08475295 0.73719447 0.04856193]
 [0.02039846 0.10340884 0.07519665 0.80099605]]
**********************************************************************
Root Node_4
[[0.56740246 0.0733017  0.29097071 0.06832513]
 [0.14044973 0.52957608 0.12364932 0.20632487]
 [0.11947398 0.19041274 0.53764465 0.15246862]
 [0.02781136 0.10470485 0.13146666 0.73601713]]
**********************************************************************
Root Node_5
[[0.90967514 0.00970273 0.02036784 0.06025429]
 [0.07196168 0.78938007 0.06396914 0.07468911]
 [0.20372193 0.04655637 0.65004941 0.0996723 ]
 [0.01299    0.01523244 0.15434593 0.81743162]]
**********************************************************************
Node_1 Node_2
[[0.89949708 0.0531527  0.04261323 0.004737  ]
 [0.01214194 0.91779974 0.00866423 0.06139408]
 [0.0282885  0.1277003  0.80208872 0.04192248]
 [0.00989902 0.07241709 0.08680001 0.83088388]]
**********************************************************************
Node_1 Node_3
[[0.83958505 0.01986395 0.01726993 0.12328107]
 [0.01072654 0.92396445 0.02987838 0.03543064]
 [0.08643073 0.12887263 0.72439439 0.06030226]
 [0.09069227 0.06468558 0.03159386 0.81302829]]
**********************************************************************
Node_2 Leaf_1
[[0.94411968 0.0174213  0.00326717 0.03519185]
 [0.02980511 0.94213498 0.01275424 0.01530567]
 [0.03405732 0.02191975 0.94241342 0.00160951]
 [0.00138229 0.01024694 0.00710098 0.98126979]]
**********************************************************************
Node_2 Leaf_2
[[0.5132791  0.09878491 0.17827667 0.20965932]
 [0.06654228 0.70713449 0.1198224  0.10650084]
 [0.22444362 0.28346914 0.36760773 0.12447951]
 [0.0198464  0.117327   0.06301873 0.79980788]]
**********************************************************************
Node_3 Leaf_3
[[0.7944476  0.0244053  0.12415848 0.05698862]
 [0.16033172 0.79244965 0.01911403 0.0281046 ]
 [0.15057609 0.03183955 0.78846843 0.02911593]
 [0.10421911 0.05186285 0.07083169 0.77308635]]
**********************************************************************
Node_3 Leaf_4
[[0.88776826 0.08500229 0.0138537  0.01337575]
 [0.0317157  0.95460882 0.00929815 0.00437733]
 [0.00720141 0.03328808 0.89892801 0.0605825 ]
 [0.08566065 0.01199083 0.02680849 0.87554002]]
**********************************************************************
Node_4 Leaf_5
[[0.92724554 0.04047221 0.01370609 0.01857617]
 [0.0195517  0.94118795 0.01191179 0.02734857]
 [0.00731787 0.00652038 0.93322874 0.05293301]
 [0.04802212 0.05222487 0.0669328  0.83282021]]
**********************************************************************
Node_4 Leaf_6
[[0.89105759 0.03990841 0.04201999 0.027014  ]
 [0.02643815 0.90999199 0.02679166 0.0367782 ]
 [0.05504174 0.00299353 0.92182402 0.02014071]
 [0.05848332 0.02626204 0.00752436 0.90773027]]
**********************************************************************
Node_5 Leaf_7
[[0.54236729 0.01120299 0.39177519 0.05465453]
 [0.05607089 0.79449911 0.06984811 0.0795819 ]
 [0.0493517  0.07904995 0.80942435 0.06217399]
 [0.106106   0.08060682 0.07226603 0.74102115]]
**********************************************************************
Node_5 Leaf_8
[[9.79380104e-01 7.00350186e-03 1.08300497e-02 2.78634478e-03]
 [2.81553185e-02 9.67810401e-01 2.57736522e-03 1.45691528e-03]
 [9.24445466e-04 1.03000469e-03 9.79996935e-01 1.80486149e-02]
 [5.71267797e-04 1.61025733e-03 4.71359182e-03 9.93104883e-01]]
**********************************************************************
