Root Node_1
[[0.72161474 0.22077528 0.0138765  0.04373348]
 [0.1311696  0.80033286 0.01663639 0.05186115]
 [0.23050994 0.28727137 0.26189178 0.2203269 ]
 [0.07412419 0.05173225 0.05759767 0.81654589]]
**********************************************************************
Root Node_4
[[0.58214765 0.16640071 0.01515337 0.23629827]
 [0.13735666 0.76507743 0.01629049 0.08127542]
 [0.06491454 0.12443553 0.65136265 0.15928728]
 [0.25371198 0.05265304 0.08829605 0.60533893]]
**********************************************************************
Root Node_5
[[0.63565339 0.2366145  0.06291148 0.06482063]
 [0.18781317 0.67187368 0.03251812 0.10779503]
 [0.06154418 0.07719635 0.82474865 0.03651083]
 [0.22302014 0.19406074 0.12749749 0.45542163]]
**********************************************************************
Node_1 Node_2
[[0.64544608 0.26238808 0.03571804 0.05644779]
 [0.25148704 0.65572415 0.02425852 0.06853028]
 [0.03343135 0.12138975 0.55448878 0.29069011]
 [0.13355723 0.12263542 0.04375538 0.70005197]]
**********************************************************************
Node_1 Node_3
[[0.7566975  0.0912074  0.09039595 0.06169915]
 [0.05514768 0.70150855 0.16807399 0.07526978]
 [0.00694037 0.27186639 0.4923639  0.22882935]
 [0.02751808 0.21617814 0.04541136 0.71089242]]
**********************************************************************
Node_2 Leaf_1
[[0.6646044  0.18391531 0.11313585 0.03834444]
 [0.29542256 0.52273378 0.08121403 0.10062962]
 [0.10798582 0.20614964 0.66891223 0.01695231]
 [0.1118873  0.01656547 0.02656401 0.84498321]]
**********************************************************************
Node_2 Leaf_2
[[0.64800737 0.03640433 0.05459649 0.26099181]
 [0.29924096 0.55612123 0.05540978 0.08922803]
 [0.27890085 0.06085589 0.59283533 0.06740793]
 [0.05192116 0.22779944 0.00494837 0.71533102]]
**********************************************************************
Node_3 Leaf_3
[[0.85733005 0.01640887 0.08694048 0.03932059]
 [0.01496625 0.75111303 0.09748284 0.13643789]
 [0.36389086 0.04285161 0.41484073 0.17841681]
 [0.01631565 0.08158097 0.20639899 0.69570439]]
**********************************************************************
Node_3 Leaf_4
[[0.47158459 0.09307926 0.06650418 0.36883197]
 [0.06915338 0.73170057 0.16370922 0.03543683]
 [0.10798707 0.1204113  0.71501416 0.05658746]
 [0.03381819 0.17270265 0.16962299 0.62385617]]
**********************************************************************
Node_4 Leaf_5
[[0.62706795 0.21339419 0.0400056  0.11953226]
 [0.0082284  0.68546748 0.12135453 0.18494959]
 [0.02793864 0.26231522 0.56731351 0.14243263]
 [0.191546   0.05527553 0.11239782 0.64078064]]
**********************************************************************
Node_4 Leaf_6
[[0.78239869 0.04007555 0.11350948 0.06401628]
 [0.32968831 0.440941   0.1401345  0.0892362 ]
 [0.18925895 0.11708491 0.59373258 0.09992356]
 [0.10485037 0.05016435 0.09840771 0.74657758]]
**********************************************************************
Node_5 Leaf_7
[[0.50881803 0.28507446 0.0531377  0.15296981]
 [0.06642085 0.70072781 0.13505935 0.09779198]
 [0.04203989 0.19013634 0.6211987  0.14662507]
 [0.13762094 0.09490084 0.03766107 0.72981714]]
**********************************************************************
Node_5 Leaf_8
[[0.75191757 0.15239425 0.07858087 0.01710731]
 [0.23923303 0.63049577 0.03852096 0.09175024]
 [0.17146836 0.01749829 0.76338026 0.04765309]
 [0.15357523 0.27650625 0.14578093 0.42413758]]
**********************************************************************
