Root Node_1
[[0.84731298 0.02403735 0.11178262 0.01686705]
 [0.01285565 0.96583436 0.00412246 0.01718753]
 [0.01915697 0.02613864 0.94795007 0.00675433]
 [0.00363349 0.0231581  0.11935574 0.85385268]]
**********************************************************************
Root Node_4
[[0.9045853  0.02378365 0.05061403 0.02101701]
 [0.0297013  0.87225238 0.01906484 0.07898149]
 [0.01144821 0.01304223 0.96428473 0.01122483]
 [0.02106658 0.07719831 0.01329227 0.88844284]]
**********************************************************************
Root Node_5
[[0.92117204 0.01766022 0.04107372 0.02009402]
 [0.00861393 0.8841468  0.01591386 0.0913254 ]
 [0.06010819 0.01021099 0.91485633 0.0148245 ]
 [0.02648103 0.00367004 0.06934985 0.90049907]]
**********************************************************************
Node_1 Node_2
[[0.91862213 0.01700245 0.00664311 0.05773231]
 [0.03815687 0.90782873 0.03424764 0.01976677]
 [0.02642466 0.040668   0.89709866 0.03580868]
 [0.0433544  0.03656515 0.00940261 0.91067784]]
**********************************************************************
Node_1 Node_3
[[0.90542712 0.02770513 0.03389972 0.03296803]
 [0.00513891 0.90918445 0.05440218 0.03127445]
 [0.02784089 0.01614628 0.92877987 0.02723295]
 [0.06937312 0.03345691 0.0148122  0.88235778]]
**********************************************************************
Node_2 Leaf_1
[[0.94704288 0.01946771 0.01528725 0.01820215]
 [0.01630582 0.91164975 0.0331017  0.03894273]
 [0.00845052 0.01693209 0.89297696 0.08164043]
 [0.01086783 0.09811642 0.01320067 0.87781508]]
**********************************************************************
Node_2 Leaf_2
[[0.90164579 0.00906115 0.07928681 0.01000624]
 [0.00632338 0.91366703 0.05528234 0.02472724]
 [0.01347771 0.06078067 0.90908558 0.01665604]
 [0.04744308 0.0214388  0.03647008 0.89464803]]
**********************************************************************
Node_3 Leaf_3
[[0.94199163 0.02368746 0.01343278 0.02088813]
 [0.09893838 0.84580009 0.03957403 0.0156875 ]
 [0.00945489 0.02850076 0.95599908 0.00604527]
 [0.04339915 0.03982565 0.03615859 0.88061661]]
**********************************************************************
Node_3 Leaf_4
[[0.98132091 0.00499588 0.00673797 0.00694523]
 [0.04740171 0.92274089 0.02759845 0.00225895]
 [0.00892968 0.0744191  0.86017194 0.05647928]
 [0.00818873 0.04589109 0.07358022 0.87233997]]
**********************************************************************
Node_4 Leaf_5
[[0.87588835 0.06265156 0.02547242 0.03598767]
 [0.04481771 0.86997835 0.02603626 0.05916767]
 [0.01448319 0.03433221 0.93787864 0.01330596]
 [0.01550313 0.03786676 0.00262436 0.94400575]]
**********************************************************************
Node_4 Leaf_6
[[0.9237035  0.03530791 0.02111979 0.01986879]
 [0.05897463 0.85875679 0.0494848  0.03278378]
 [0.02378522 0.02122267 0.90715829 0.04783381]
 [0.01872534 0.02372216 0.021162   0.9363905 ]]
**********************************************************************
Node_5 Leaf_7
[[0.83880087 0.01417842 0.07806717 0.06895354]
 [0.03739856 0.90053335 0.00690919 0.0551589 ]
 [0.02894428 0.01968339 0.93962602 0.01174631]
 [0.00783064 0.02691534 0.02284838 0.94240564]]
**********************************************************************
Node_5 Leaf_8
[[0.91069864 0.01699843 0.03835038 0.03395255]
 [0.03824134 0.93061356 0.02149518 0.00964991]
 [0.02943418 0.0408702  0.88637653 0.04331909]
 [0.03433549 0.02408542 0.04111831 0.90046078]]
**********************************************************************
