Root Leaf_1
[[0.65179942 0.16877353 0.02361529 0.15581176]
 [0.05089756 0.6066121  0.05137691 0.29111342]
 [0.0859239  0.13116079 0.66575192 0.11716339]
 [0.27510457 0.05938812 0.06935987 0.59614744]]
**********************************************************************
Root Leaf_2
[[0.81248671 0.08120178 0.05503596 0.05127555]
 [0.12170512 0.5380008  0.2073335  0.13296058]
 [0.05552679 0.19381961 0.54254884 0.20810475]
 [0.19293378 0.0757784  0.03146478 0.69982304]]
**********************************************************************
Root Node_1
[[0.2967701  0.33565772 0.21329734 0.15427483]
 [0.03239007 0.70085988 0.10870377 0.15804628]
 [0.05546846 0.10527355 0.82808438 0.01117361]
 [0.02449922 0.19527487 0.0204323  0.75979361]]
**********************************************************************
Node_1 Leaf_3
[[0.69305431 0.06595735 0.190324   0.05066434]
 [0.13347288 0.74233468 0.01924768 0.10494477]
 [0.10045378 0.04211295 0.6084238  0.24900947]
 [0.31588515 0.01889788 0.07716712 0.58804985]]
**********************************************************************
Node_1 Leaf_4
[[0.53219925 0.13646261 0.15913747 0.17220067]
 [0.0702127  0.71445324 0.03912128 0.17621278]
 [0.02602513 0.1924466  0.563854   0.21767427]
 [0.046659   0.01903328 0.1999585  0.73434922]]
**********************************************************************
