(Leaf_1:0.50,Leaf_2:0.50,(Leaf_3:0.50,Leaf_4:0.50)Node_1:0.50)Root:0.00;

Root Leaf_1
[[0.64378419 0.20765038 0.08540603 0.0631594 ]
 [0.10766024 0.83522306 0.02296112 0.03415557]
 [0.04128446 0.2459341  0.66081958 0.05196185]
 [0.22447012 0.19506297 0.17203472 0.40843219]]
**********************************************************************
Root Leaf_2
[[0.44334355 0.03545646 0.02581805 0.49538195]
 [0.07645759 0.76066966 0.1437274  0.01914535]
 [0.1321326  0.05719359 0.59886227 0.21181153]
 [0.07326313 0.03010909 0.1618067  0.73482108]]
**********************************************************************
Root Node_1
[[0.64898129 0.19319012 0.12708675 0.03074184]
 [0.06689709 0.80282008 0.04469611 0.08558672]
 [0.11263913 0.09856736 0.71958452 0.06920899]
 [0.12221916 0.40809792 0.06615833 0.4035246 ]]
**********************************************************************
Node_1 Leaf_3
[[0.73835512 0.06235385 0.11659323 0.0826978 ]
 [0.11152754 0.62906352 0.15855451 0.10085443]
 [0.16043758 0.17839084 0.60218745 0.05898413]
 [0.12573661 0.06253593 0.21676023 0.59496724]]
**********************************************************************
Node_1 Leaf_4
[[0.49038416 0.0972917  0.29534005 0.1169841 ]
 [0.05030033 0.74517993 0.11756469 0.08695505]
 [0.09940014 0.14146615 0.69365242 0.06548129]
 [0.18592106 0.06216778 0.09408034 0.65783082]]
**********************************************************************
