Root Node_1
[[0.80055142 0.0443234  0.04500959 0.1101156 ]
 [0.0118106  0.95557134 0.02446598 0.00815207]
 [0.04913005 0.03707193 0.90206107 0.01173694]
 [0.00712033 0.01290112 0.01265711 0.96732144]]
**********************************************************************
Root Node_4
[[0.88123384 0.02081269 0.03712531 0.06082816]
 [0.06355628 0.88791049 0.04077073 0.0077625 ]
 [0.03019318 0.02104395 0.92311727 0.0256456 ]
 [0.02823456 0.019084   0.01610162 0.93657983]]
**********************************************************************
Root Node_5
[[0.93367142 0.01600329 0.03076397 0.01956132]
 [0.01667202 0.87134149 0.07784166 0.03414484]
 [0.04344014 0.01911065 0.89607231 0.04137691]
 [0.01219726 0.03164665 0.02915706 0.92699903]]
**********************************************************************
Node_1 Node_2
[[0.87058037 0.0592265  0.01591554 0.05427759]
 [0.00828531 0.95645799 0.02415306 0.01110364]
 [0.04493959 0.02356217 0.91253274 0.0189655 ]
 [0.03787009 0.0278227  0.04988584 0.88442137]]
**********************************************************************
Node_1 Node_3
[[0.90837372 0.02331305 0.05385104 0.01446219]
 [0.01906324 0.91318022 0.04737207 0.02038447]
 [0.03206268 0.03421721 0.90605028 0.02766984]
 [0.05502396 0.01954385 0.02283164 0.90260056]]
**********************************************************************
Node_2 Leaf_1
[[8.79107881e-01 2.89193951e-02 1.49907515e-02 7.69819722e-02]
 [3.73495237e-02 9.03882740e-01 2.09314412e-02 3.78362953e-02]
 [3.29566166e-02 5.22071733e-02 9.11863439e-01 2.97277123e-03]
 [3.28805448e-02 3.09212146e-02 7.81981856e-04 9.35416259e-01]]
**********************************************************************
Node_2 Leaf_2
[[0.88748421 0.06786781 0.02348864 0.02115934]
 [0.0166415  0.90844079 0.04632312 0.02859459]
 [0.0327731  0.07355529 0.88220341 0.01146819]
 [0.02062634 0.01461227 0.01888188 0.94587952]]
**********************************************************************
Node_3 Leaf_3
[[0.8715152  0.0132872  0.00785758 0.10734002]
 [0.02935536 0.93854628 0.00360022 0.02849813]
 [0.04085421 0.04279441 0.87875147 0.03759991]
 [0.00433413 0.05128404 0.01281181 0.93157002]]
**********************************************************************
Node_3 Leaf_4
[[0.9175091  0.01932834 0.0279697  0.03519286]
 [0.0064325  0.91591055 0.01549012 0.06216684]
 [0.01102429 0.01486436 0.92151346 0.05259789]
 [0.00845676 0.04041256 0.08256752 0.86856316]]
**********************************************************************
Node_4 Leaf_5
[[0.92456405 0.02415346 0.01273976 0.03854273]
 [0.02523832 0.85549098 0.02890444 0.09036627]
 [0.00946728 0.02709618 0.92382711 0.03960943]
 [0.04908068 0.01408288 0.01415038 0.92268605]]
**********************************************************************
Node_4 Leaf_6
[[0.88872896 0.03363335 0.01324373 0.06439397]
 [0.05767454 0.91812974 0.01653859 0.00765712]
 [0.06731242 0.01031111 0.90213269 0.02024378]
 [0.03354372 0.0138607  0.03195616 0.92063941]]
**********************************************************************
Node_5 Leaf_7
[[0.97350001 0.01945865 0.00455569 0.00248566]
 [0.05676862 0.89433808 0.02724288 0.02165041]
 [0.01006815 0.01699504 0.90924151 0.0636953 ]
 [0.00900445 0.0210204  0.11543502 0.85454013]]
**********************************************************************
Node_5 Leaf_8
[[0.87832922 0.01653472 0.00977802 0.09535804]
 [0.09880961 0.87088138 0.00994261 0.0203664 ]
 [0.00838357 0.02606999 0.95236415 0.0131823 ]
 [0.03619827 0.01217355 0.02443134 0.92719684]]
**********************************************************************
