Root Node_1
[[0.70156003 0.1953251  0.07995228 0.02316259]
 [0.03579722 0.67750173 0.13930059 0.14740046]
 [0.13638875 0.28185347 0.46248637 0.1192714 ]
 [0.0744539  0.03787761 0.14525687 0.74241162]]
**********************************************************************
Root Node_4
[[0.50739076 0.06090555 0.34785225 0.08385145]
 [0.04845675 0.75816624 0.13146731 0.0619097 ]
 [0.18294688 0.04135748 0.69930541 0.07639023]
 [0.1666671  0.05738054 0.13237087 0.64358149]]
**********************************************************************
Root Node_5
[[0.79946725 0.06808427 0.03948977 0.0929587 ]
 [0.04968053 0.65737965 0.10113885 0.19180097]
 [0.07532778 0.09810893 0.75894101 0.06762228]
 [0.21483854 0.25691838 0.08408091 0.44416217]]
**********************************************************************
Node_1 Node_2
[[0.60296725 0.13599136 0.02166901 0.23937238]
 [0.26838674 0.59373966 0.07958562 0.05828798]
 [0.04833009 0.12362805 0.61086532 0.21717654]
 [0.14463924 0.03767274 0.05230695 0.76538107]]
**********************************************************************
Node_1 Node_3
[[0.81968372 0.09015332 0.02866933 0.06149362]
 [0.0766572  0.68922501 0.08442504 0.14969275]
 [0.04295555 0.31119189 0.38719183 0.25866073]
 [0.13848086 0.11862052 0.05562946 0.68726916]]
**********************************************************************
Node_2 Leaf_1
[[0.52026568 0.095738   0.24303436 0.14096196]
 [0.09995161 0.75989367 0.04250474 0.09764998]
 [0.19842581 0.18811737 0.55661209 0.05684473]
 [0.01872986 0.12257011 0.08630853 0.7723915 ]]
**********************************************************************
Node_2 Leaf_2
[[0.72101014 0.14211028 0.03569774 0.10118184]
 [0.13683517 0.64952751 0.10153486 0.11210246]
 [0.02674161 0.04829182 0.61596451 0.30900206]
 [0.04846356 0.04777816 0.25825219 0.64550608]]
**********************************************************************
Node_3 Leaf_3
[[0.60318551 0.17528667 0.15699188 0.06453594]
 [0.25031666 0.57646471 0.14634713 0.02687151]
 [0.10479192 0.11823822 0.74928842 0.02768144]
 [0.01918493 0.20200596 0.08064783 0.69816129]]
**********************************************************************
Node_3 Leaf_4
[[0.65004438 0.09555574 0.04914674 0.20525314]
 [0.06369448 0.48903054 0.08910698 0.35816799]
 [0.04639107 0.14698858 0.59185794 0.21476241]
 [0.04643928 0.0970639  0.05422195 0.80227487]]
**********************************************************************
Node_4 Leaf_5
[[0.64770609 0.22613989 0.07114236 0.05501167]
 [0.10441926 0.43194975 0.16653811 0.29709289]
 [0.14588302 0.05238059 0.76921928 0.03251711]
 [0.00971623 0.13419644 0.06496946 0.79111787]]
**********************************************************************
Node_4 Leaf_6
[[0.47054734 0.23618103 0.23299408 0.06027755]
 [0.0457649  0.56405136 0.32872599 0.06145775]
 [0.1099786  0.09420618 0.75268382 0.0431314 ]
 [0.09353881 0.0662919  0.09715619 0.7430131 ]]
**********************************************************************
Node_5 Leaf_7
[[0.56225484 0.29293352 0.07207135 0.07274029]
 [0.05990992 0.77996763 0.00243991 0.15768253]
 [0.04062281 0.42519617 0.47853542 0.0556456 ]
 [0.08658034 0.28320039 0.01869402 0.61152524]]
**********************************************************************
Node_5 Leaf_8
[[0.4833471  0.1466548  0.28533015 0.08466795]
 [0.06294616 0.81138945 0.08896532 0.03669907]
 [0.042488   0.35375764 0.58170546 0.0220489 ]
 [0.16111032 0.1295203  0.07708035 0.63228904]]
**********************************************************************
