Root Node_1
[[0.73828688 0.10954162 0.05846969 0.09370182]
 [0.08700372 0.72725291 0.06689683 0.11884655]
 [0.02684654 0.17103209 0.76156969 0.04055168]
 [0.04588333 0.02863917 0.14969703 0.77578047]]
**********************************************************************
Root Node_4
[[0.52254175 0.27748343 0.07277295 0.12720187]
 [0.26380067 0.59075781 0.0713364  0.07410512]
 [0.16408088 0.13284465 0.57563501 0.12743947]
 [0.04665413 0.10254539 0.12478805 0.72601243]]
**********************************************************************
Root Node_5
[[0.81300115 0.11945041 0.01659923 0.05094922]
 [0.13927451 0.74867679 0.03352393 0.07852476]
 [0.09649943 0.02493702 0.76778715 0.11077641]
 [0.04087654 0.02347536 0.10441111 0.83123699]]
**********************************************************************
Node_1 Node_2
[[0.86301535 0.01507895 0.07031907 0.05158664]
 [0.01327398 0.92105992 0.0405139  0.0251522 ]
 [0.05554964 0.03384742 0.84368233 0.0669206 ]
 [0.03147687 0.11407854 0.02899434 0.82545025]]
**********************************************************************
Node_1 Node_3
[[0.7876889  0.0787141  0.1160369  0.0175601 ]
 [0.07453438 0.78271657 0.0608782  0.08187085]
 [0.09270528 0.04175545 0.82198789 0.04355139]
 [0.01430796 0.03969151 0.02589437 0.92010616]]
**********************************************************************
Node_2 Leaf_1
[[0.93055092 0.01274417 0.03499662 0.02170829]
 [0.01472104 0.96885336 0.00306781 0.01335779]
 [0.01264429 0.01832934 0.95799727 0.0110291 ]
 [0.03428856 0.00618568 0.00950134 0.95002441]]
**********************************************************************
Node_2 Leaf_2
[[0.86327962 0.06890719 0.01740134 0.05041184]
 [0.13837887 0.45758731 0.15999144 0.24404238]
 [0.12887153 0.08313209 0.66056532 0.12743106]
 [0.12052395 0.29223461 0.12153163 0.46570982]]
**********************************************************************
Node_3 Leaf_3
[[0.7968099  0.11539741 0.05824803 0.02954465]
 [0.0416187  0.83354844 0.11397205 0.01086081]
 [0.06172696 0.11123183 0.76291637 0.06412483]
 [0.12563878 0.00604033 0.10643909 0.7618818 ]]
**********************************************************************
Node_3 Leaf_4
[[0.83260694 0.01218131 0.04601627 0.10919548]
 [0.02133513 0.8614232  0.04555215 0.07168951]
 [0.00507243 0.00124796 0.96171898 0.03196063]
 [0.01675705 0.02644419 0.00199319 0.95480557]]
**********************************************************************
Node_4 Leaf_5
[[0.84765167 0.08678388 0.03818403 0.02738042]
 [0.06168997 0.91112107 0.01306917 0.01411978]
 [0.02882734 0.01223416 0.94706943 0.01186907]
 [0.01621808 0.05328534 0.00724813 0.92324845]]
**********************************************************************
Node_4 Leaf_6
[[0.94841902 0.00773225 0.02623059 0.01761814]
 [0.03909778 0.91735088 0.02643848 0.01711286]
 [0.01102854 0.13701764 0.78947684 0.06247698]
 [0.0169966  0.00482496 0.01344316 0.96473528]]
**********************************************************************
Node_5 Leaf_7
[[0.67426139 0.12481544 0.10503645 0.09588673]
 [0.18551238 0.71877195 0.02254202 0.07317364]
 [0.04641745 0.05670096 0.76722737 0.12965423]
 [0.09388713 0.10532684 0.06984393 0.73094211]]
**********************************************************************
Node_5 Leaf_8
[[9.62844363e-01 5.84473937e-04 2.44794026e-03 3.41232231e-02]
 [7.20778141e-04 9.87100188e-01 9.07741941e-03 3.10161484e-03]
 [2.69246536e-04 1.84588980e-03 9.96519492e-01 1.36537166e-03]
 [1.51116581e-02 4.67511769e-03 4.02360027e-03 9.76189624e-01]]
**********************************************************************
