(Leaf_1:0.50,Leaf_2:0.50,(Leaf_3:0.50,Leaf_4:0.50)Node_1:0.50)Root:0.00;

Root Leaf_1
[[0.78492001 0.08459502 0.04262443 0.08786054]
 [0.08707225 0.79975505 0.04963608 0.06353662]
 [0.04226837 0.18227168 0.40161853 0.37384142]
 [0.15664284 0.20128348 0.05770945 0.58436424]]
**********************************************************************
Root Leaf_2
[[0.66585479 0.01647664 0.03418102 0.28348755]
 [0.38764374 0.41567251 0.04672762 0.14995613]
 [0.08044785 0.00612551 0.63005018 0.28337646]
 [0.01562821 0.02034818 0.17079688 0.79322673]]
**********************************************************************
Root Node_1
[[0.55320172 0.04474067 0.23342274 0.16863487]
 [0.12733898 0.65058884 0.09353617 0.128536  ]
 [0.02524585 0.16519051 0.71890688 0.09065676]
 [0.17592783 0.12495131 0.08298496 0.6161359 ]]
**********************************************************************
Node_1 Leaf_3
[[0.73617066 0.08576838 0.13668191 0.04137905]
 [0.06199413 0.72240369 0.11055467 0.1050475 ]
 [0.04727742 0.09220026 0.6146951  0.24582722]
 [0.10308037 0.11459884 0.24619728 0.53612351]]
**********************************************************************
Node_1 Leaf_4
[[0.70317153 0.0399787  0.18304435 0.07380542]
 [0.15224972 0.65079275 0.05984461 0.13711292]
 [0.2147963  0.21251767 0.44264256 0.13004347]
 [0.06024281 0.10405062 0.02554072 0.81016585]]
**********************************************************************
