Root Leaf_1
[[0.84971429 0.01076685 0.05161588 0.08790298]
 [0.0078685  0.77238295 0.15608801 0.06366053]
 [0.09090431 0.00189484 0.87315112 0.03404973]
 [0.06273674 0.0230353  0.03873687 0.87549109]]
**********************************************************************
Root Leaf_2
[[0.96243502 0.00350795 0.00443204 0.02962499]
 [0.02376894 0.95293867 0.00797682 0.01531557]
 [0.00775939 0.0127343  0.9764045  0.00310182]
 [0.02039602 0.02342324 0.00888704 0.9472937 ]]
**********************************************************************
Root Node_1
[[0.97968887 0.00486471 0.01386627 0.00158014]
 [0.01466107 0.94676998 0.01386665 0.0247023 ]
 [0.01216502 0.01725183 0.96017525 0.0104079 ]
 [0.02956402 0.01991454 0.00205928 0.94846216]]
**********************************************************************
Node_1 Leaf_3
[[0.88950552 0.02155036 0.02595018 0.06299394]
 [0.03955763 0.91965259 0.01855267 0.02223712]
 [0.02885382 0.05636757 0.86340837 0.05137024]
 [0.02781165 0.04125355 0.15527363 0.77566117]]
**********************************************************************
Node_1 Leaf_4
[[0.97362122 0.0044314  0.01734405 0.00460333]
 [0.00332888 0.97854904 0.01524099 0.00288109]
 [0.00844607 0.00869671 0.97926208 0.00359513]
 [0.01543816 0.02270802 0.02329817 0.93855566]]
**********************************************************************
