(Leaf_1:0.10,Leaf_2:0.10,(Leaf_3:0.10,Leaf_4:0.10)Node_1:0.10)Root:0.00;

Root Leaf_1
[[0.88442764 0.0282519  0.07066075 0.01665971]
 [0.02376689 0.95079564 0.01691136 0.00852612]
 [0.04628193 0.04493536 0.90243175 0.00635096]
 [0.01757195 0.04858364 0.0429673  0.8908771 ]]
**********************************************************************
Root Leaf_2
[[0.86175946 0.02229264 0.07980951 0.03613839]
 [0.04872433 0.92433326 0.01270172 0.01424069]
 [0.00860802 0.03120573 0.88143299 0.07875326]
 [0.02083305 0.02098101 0.00480784 0.9533781 ]]
**********************************************************************
Root Node_1
[[0.90907127 0.03825583 0.01030266 0.04237024]
 [0.01432723 0.89191241 0.07285656 0.02090379]
 [0.01110613 0.04419182 0.92540623 0.01929582]
 [0.01285812 0.02980486 0.06421597 0.89312105]]
**********************************************************************
Node_1 Leaf_3
[[0.86005401 0.01546075 0.01622341 0.10826184]
 [0.05625568 0.83992151 0.04769863 0.05612418]
 [0.01763947 0.00445175 0.94966566 0.02824312]
 [0.0122762  0.0133441  0.00990808 0.96447162]]
**********************************************************************
Node_1 Leaf_4
[[0.86667125 0.00459958 0.06042374 0.06830543]
 [0.05625691 0.82804618 0.07487203 0.04082488]
 [0.00583265 0.005061   0.93921113 0.04989522]
 [0.01696666 0.00339384 0.00677336 0.97286614]]
**********************************************************************
