(Leaf_1:0.10,Leaf_2:0.10,(Leaf_3:0.10,Leaf_4:0.10)Node_1:0.10)Root:0.00;

Root Leaf_1
[[8.92788155e-01 3.92930494e-02 5.66628236e-02 1.12559719e-02]
 [4.10084158e-02 9.23972768e-01 6.87980520e-04 3.43308361e-02]
 [3.53073467e-02 4.35275766e-02 9.15506927e-01 5.65814919e-03]
 [1.04427172e-02 4.40194577e-02 5.62238069e-02 8.89314018e-01]]
**********************************************************************
Root Leaf_2
[[0.90115297 0.02092572 0.0357661  0.04215521]
 [0.0294192  0.88009772 0.0271729  0.06331019]
 [0.04704428 0.02059196 0.91469739 0.01766637]
 [0.02588612 0.02828801 0.01219336 0.93363251]]
**********************************************************************
Root Node_1
[[0.92685348 0.01517336 0.04138874 0.01658442]
 [0.02541313 0.87873166 0.01910518 0.07675003]
 [0.02264222 0.05160755 0.90406431 0.02168592]
 [0.01809472 0.04886232 0.01130587 0.92173709]]
**********************************************************************
Node_1 Leaf_3
[[0.87519527 0.02127033 0.08852742 0.01500697]
 [0.03503628 0.91228657 0.0318586  0.02081855]
 [0.03692452 0.0075251  0.94928648 0.00626391]
 [0.07540225 0.02612023 0.01511142 0.88336611]]
**********************************************************************
Node_1 Leaf_4
[[0.87819963 0.09408498 0.02130239 0.00641301]
 [0.03731918 0.87682986 0.04538904 0.04046192]
 [0.01706709 0.03091655 0.91309444 0.03892192]
 [0.00187411 0.02192351 0.01553724 0.96066514]]
**********************************************************************
