(Leaf_1:0.10,Leaf_2:0.10,(Leaf_3:0.10,Leaf_4:0.10)Node_1:0.10)Root:0.00;

Root Leaf_1
[[0.86210925 0.06972103 0.04568854 0.02248118]
 [0.01918647 0.9361279  0.01242871 0.03225692]
 [0.03342706 0.03541691 0.92668118 0.00447484]
 [0.04983752 0.03302009 0.02218871 0.89495368]]
**********************************************************************
Root Leaf_2
[[0.93258605 0.03213833 0.02057351 0.01470211]
 [0.01261812 0.86465429 0.09879397 0.02393361]
 [0.00330652 0.04471093 0.92556415 0.02641839]
 [0.03377174 0.0214572  0.04121585 0.90355522]]
**********************************************************************
Root Node_1
[[0.93921725 0.03592642 0.0188463  0.00601003]
 [0.01242825 0.90571076 0.03229297 0.04956801]
 [0.01433896 0.02053096 0.93030418 0.03482589]
 [0.04212105 0.06609354 0.04087968 0.85090573]]
**********************************************************************
Node_1 Leaf_3
[[0.93556617 0.0285439  0.01946052 0.0164294 ]
 [0.01397698 0.93125054 0.03142574 0.02334675]
 [0.02337836 0.02096009 0.94003607 0.01562548]
 [0.09048377 0.08849532 0.01109184 0.80992907]]
**********************************************************************
Node_1 Leaf_4
[[0.82272836 0.02007529 0.05604197 0.10115438]
 [0.00880804 0.93916967 0.0095781  0.04244419]
 [0.00939367 0.03099144 0.95422121 0.00539368]
 [0.00387039 0.04648704 0.04377812 0.90586445]]
**********************************************************************
