(Leaf_1:0.10,Leaf_2:0.10,(Leaf_3:0.10,Leaf_4:0.10)Node_1:0.10)Root:0.00;

Root Leaf_1
[[0.95469467 0.02745599 0.01436415 0.00348519]
 [0.05164338 0.8378806  0.01746273 0.09301329]
 [0.02828988 0.00257812 0.9253214  0.0438106 ]
 [0.04385801 0.02512483 0.02831125 0.90270591]]
**********************************************************************
Root Leaf_2
[[0.8468179  0.10868185 0.01861273 0.02588752]
 [0.02316357 0.94159737 0.00665605 0.02858301]
 [0.036017   0.01392944 0.90722989 0.04282367]
 [0.03008032 0.01848569 0.02047593 0.93095806]]
**********************************************************************
Root Node_1
[[0.85182529 0.02961234 0.04233794 0.07622442]
 [0.02163922 0.9594364  0.01377765 0.00514673]
 [0.0637772  0.01903903 0.88406709 0.03311668]
 [0.00733614 0.02533525 0.03533344 0.93199518]]
**********************************************************************
Node_1 Leaf_3
[[0.8778834  0.04572512 0.03094418 0.04544731]
 [0.03169439 0.90854375 0.00312395 0.05663791]
 [0.02288345 0.00797637 0.94664743 0.02249275]
 [0.07219602 0.0104157  0.02207757 0.89531071]]
**********************************************************************
Node_1 Leaf_4
[[0.95312381 0.00277429 0.02222802 0.02187388]
 [0.06454146 0.89245409 0.03233082 0.01067363]
 [0.05100693 0.02019876 0.8985121  0.03028221]
 [0.00546355 0.07662552 0.03246178 0.88544915]]
**********************************************************************
