(Leaf_1:0.10,Leaf_2:0.10,(Leaf_3:0.10,Leaf_4:0.10)Node_1:0.10)Root:0.00;

Root Leaf_1
[[0.90584499 0.04887793 0.02885455 0.01642253]
 [0.01028973 0.87830363 0.02115584 0.09025081]
 [0.02001886 0.02111214 0.90250069 0.05636831]
 [0.01280625 0.03981937 0.01114581 0.93622857]]
**********************************************************************
Root Leaf_2
[[0.97101652 0.01037595 0.01521512 0.00339242]
 [0.064089   0.87404087 0.02593368 0.03593644]
 [0.06661847 0.08072509 0.84571566 0.00694077]
 [0.01942826 0.02118809 0.01453373 0.94484992]]
**********************************************************************
Root Node_1
[[0.87930937 0.00929647 0.10166946 0.00972469]
 [0.03093838 0.94460529 0.00169322 0.02276311]
 [0.01291198 0.02789982 0.87603335 0.08315486]
 [0.04695532 0.0105124  0.01770492 0.92482736]]
**********************************************************************
Node_1 Leaf_3
[[0.90065718 0.05840013 0.02375099 0.0171917 ]
 [0.08508417 0.85856885 0.00360947 0.05273751]
 [0.01809995 0.00462137 0.94034389 0.03693479]
 [0.00507547 0.0510663  0.00918909 0.93466915]]
**********************************************************************
Node_1 Leaf_4
[[0.85467988 0.06807234 0.02566791 0.05157987]
 [0.02360283 0.89498918 0.04941424 0.03199374]
 [0.00617906 0.01304845 0.97029933 0.01047316]
 [0.05290683 0.01816975 0.02288518 0.90603823]]
**********************************************************************
