(Leaf_1:0.10,Leaf_2:0.10,(Leaf_3:0.10,Leaf_4:0.10)Node_1:0.10)Root:0.00;

Root Leaf_1
[[0.86347945 0.03432443 0.0071831  0.09501302]
 [0.00799532 0.91008384 0.06908884 0.01283199]
 [0.00209653 0.01301141 0.96520569 0.01968637]
 [0.08373079 0.00255074 0.01434554 0.89937292]]
**********************************************************************
Root Leaf_2
[[0.91993987 0.04007596 0.00482638 0.03515779]
 [0.07808169 0.88302073 0.01606344 0.02283414]
 [0.00334012 0.02333876 0.95388475 0.01943637]
 [0.02640224 0.04657404 0.04732535 0.87969837]]
**********************************************************************
Root Node_1
[[0.82541637 0.01235864 0.14285893 0.01936605]
 [0.00861204 0.9454362  0.00868054 0.03727122]
 [0.02487782 0.02444558 0.91964374 0.03103286]
 [0.01052377 0.01629747 0.03216638 0.94101238]]
**********************************************************************
Node_1 Leaf_3
[[0.93461015 0.02774754 0.01105791 0.0265844 ]
 [0.01535459 0.89613492 0.05118529 0.03732519]
 [0.01150085 0.02056391 0.91554169 0.05239355]
 [0.02155604 0.03717622 0.05725685 0.88401089]]
**********************************************************************
Node_1 Leaf_4
[[0.96060331 0.0147792  0.00943142 0.01518608]
 [0.05041686 0.81357899 0.09951825 0.0364859 ]
 [0.03846552 0.0238006  0.9219263  0.01580758]
 [0.01304382 0.03552903 0.01043228 0.94099486]]
**********************************************************************
