(((Leaf_1:0.10,Leaf_2:0.10)Node_2:0.10,(Leaf_3:0.10,Leaf_4:0.10)Node_3:0.10)Node_1:0.10,(Leaf_5:0.10,Leaf_6:0.10)Node_4:0.10,(Leaf_7:0.10,Leaf_8:0.10)Node_5:0.10)Root:0.00;

Root Node_1
[[0.89971128 0.04058785 0.03482341 0.02487746]
 [0.00703127 0.91867121 0.01292069 0.06137683]
 [0.01485567 0.00400216 0.93589829 0.04524387]
 [0.06845963 0.01722977 0.04007748 0.87423313]]
**********************************************************************
Root Node_4
[[0.94368958 0.00631824 0.00656432 0.04342786]
 [0.02964879 0.89226243 0.0421778  0.03591098]
 [0.02935302 0.02108117 0.8947558  0.05481001]
 [0.00274503 0.05022543 0.04971765 0.89731189]]
**********************************************************************
Root Node_5
[[0.96541258 0.02665487 0.00443379 0.00349877]
 [0.06350181 0.84797461 0.0539901  0.03453347]
 [0.01325853 0.01984104 0.95002985 0.01687058]
 [0.01304875 0.05940322 0.05655042 0.8709976 ]]
**********************************************************************
Node_1 Node_2
[[0.9078296  0.06810356 0.01402816 0.01003868]
 [0.07252867 0.893755   0.00846747 0.02524885]
 [0.02414968 0.01186096 0.94537348 0.01861589]
 [0.01811487 0.043      0.0564876  0.88239753]]
**********************************************************************
Node_1 Node_3
[[0.85363468 0.00682558 0.11572955 0.02381019]
 [0.01393812 0.9168516  0.0110175  0.05819277]
 [0.01912406 0.01555006 0.95919748 0.0061284 ]
 [0.02743601 0.01392566 0.0623804  0.89625793]]
**********************************************************************
Node_2 Leaf_1
[[0.91263048 0.01455267 0.06134005 0.01147681]
 [0.00593243 0.96330349 0.01096811 0.01979598]
 [0.04219529 0.00461365 0.89575803 0.05743302]
 [0.03660878 0.01035267 0.09330096 0.85973759]]
**********************************************************************
Node_2 Leaf_2
[[0.91689138 0.02504651 0.01137441 0.0466877 ]
 [0.01808059 0.96192207 0.01823767 0.00175967]
 [0.00576122 0.06934076 0.86029185 0.06460617]
 [0.06967632 0.01688467 0.02842394 0.88501507]]
**********************************************************************
Node_3 Leaf_3
[[0.93750943 0.02764733 0.03010154 0.00474171]
 [0.00482619 0.899333   0.06082883 0.03501198]
 [0.13661493 0.01157055 0.84664169 0.00517283]
 [0.01597604 0.01289704 0.02249213 0.94863479]]
**********************************************************************
Node_3 Leaf_4
[[0.93473255 0.00788831 0.02180069 0.03557846]
 [0.00623213 0.86113938 0.1103303  0.02229819]
 [0.02246758 0.04718796 0.90007086 0.0302736 ]
 [0.01676859 0.02604252 0.02648028 0.93070861]]
**********************************************************************
Node_4 Leaf_5
[[0.87727136 0.0196456  0.07505681 0.02802622]
 [0.02823385 0.89540312 0.05158096 0.02478207]
 [0.01890578 0.03549383 0.92768008 0.01792032]
 [0.024239   0.00941007 0.03822631 0.92812462]]
**********************************************************************
Node_4 Leaf_6
[[0.90828332 0.03666692 0.04341492 0.01163483]
 [0.02749245 0.91465771 0.0398464  0.01800344]
 [0.0587139  0.05906441 0.84143046 0.04079124]
 [0.01251813 0.02120825 0.00453417 0.96173945]]
**********************************************************************
Node_5 Leaf_7
[[0.89179207 0.07140858 0.0226573  0.01414204]
 [0.01526471 0.89889456 0.04562791 0.04021282]
 [0.01605437 0.04444061 0.93119897 0.00830605]
 [0.0722793  0.01280405 0.01266374 0.90225291]]
**********************************************************************
Node_5 Leaf_8
[[0.93494943 0.03995941 0.01279748 0.01229368]
 [0.1084705  0.82069042 0.04788171 0.02295737]
 [0.01758605 0.0293296  0.9276263  0.02545805]
 [0.0120111  0.00957813 0.03160324 0.94680753]]
**********************************************************************
