(((Leaf_1:0.50,Leaf_2:0.50)Node_2:0.50,(Leaf_3:0.50,Leaf_4:0.50)Node_3:0.50)Node_1:0.50,(Leaf_5:0.50,Leaf_6:0.50)Node_4:0.50,(Leaf_7:0.50,Leaf_8:0.50)Node_5:0.50)Root:0.00;

Root Node_1
[[0.68111977 0.04755704 0.1300424  0.14128079]
 [0.04225124 0.49993168 0.18696357 0.27085351]
 [0.09800552 0.0431409  0.74449698 0.1143566 ]
 [0.04888357 0.15347179 0.1583615  0.63928315]]
**********************************************************************
Root Node_4
[[0.74153134 0.04491839 0.11663343 0.09691684]
 [0.12502041 0.64160321 0.10561676 0.12775962]
 [0.08972194 0.13210339 0.6798917  0.09828298]
 [0.24890898 0.08383164 0.17172139 0.49553799]]
**********************************************************************
Root Node_5
[[0.61734059 0.25260307 0.10500664 0.0250497 ]
 [0.17677105 0.73579069 0.07164133 0.01579693]
 [0.13996782 0.18651926 0.55749442 0.11601849]
 [0.04074652 0.09887391 0.19598384 0.66439573]]
**********************************************************************
Node_1 Node_2
[[0.73786911 0.04039705 0.13304934 0.08868449]
 [0.03306602 0.75190683 0.04906673 0.16596042]
 [0.29782815 0.02454967 0.61956882 0.05805336]
 [0.11439513 0.1343953  0.26287619 0.48833339]]
**********************************************************************
Node_1 Node_3
[[0.86225813 0.0382292  0.08087574 0.01863693]
 [0.09778699 0.55232582 0.18113617 0.16875102]
 [0.07070246 0.10817181 0.77483538 0.04629035]
 [0.07439301 0.20593019 0.27145251 0.44822429]]
**********************************************************************
Node_2 Leaf_1
[[0.69089598 0.17536386 0.01733082 0.11640934]
 [0.11771158 0.51920968 0.1437957  0.21928304]
 [0.06173349 0.0469852  0.86590912 0.02537219]
 [0.28606414 0.15275284 0.01566581 0.54551721]]
**********************************************************************
Node_2 Leaf_2
[[0.44897699 0.25174825 0.25248579 0.04678896]
 [0.0994232  0.71210052 0.15843158 0.03004469]
 [0.01560832 0.05948223 0.75078185 0.1741276 ]
 [0.08650049 0.15640615 0.13072031 0.62637305]]
**********************************************************************
Node_3 Leaf_3
[[0.63849618 0.06148277 0.20435929 0.09566176]
 [0.0796503  0.56858539 0.24725833 0.10450598]
 [0.04927595 0.13180652 0.66927422 0.14964331]
 [0.2378614  0.03801081 0.05834078 0.66578701]]
**********************************************************************
Node_3 Leaf_4
[[0.66004081 0.1520229  0.0851739  0.10276239]
 [0.12353795 0.68673491 0.0693925  0.12033464]
 [0.20418501 0.06501067 0.60033594 0.13046838]
 [0.14590436 0.14570536 0.08546404 0.62292625]]
**********************************************************************
Node_4 Leaf_5
[[0.71647903 0.01506771 0.04248052 0.22597275]
 [0.07703378 0.7915359  0.03293325 0.09849707]
 [0.38296918 0.17949115 0.35797969 0.07955999]
 [0.04597724 0.09314837 0.18478904 0.67608536]]
**********************************************************************
Node_4 Leaf_6
[[0.69080291 0.07430855 0.06702716 0.16786138]
 [0.05656262 0.47457814 0.14594515 0.32291409]
 [0.0645597  0.0924541  0.7843494  0.0586368 ]
 [0.14579936 0.12616533 0.07200419 0.65603112]]
**********************************************************************
Node_5 Leaf_7
[[0.4797871  0.14879866 0.13354877 0.23786547]
 [0.11259213 0.68148906 0.13046133 0.07545749]
 [0.25907329 0.04758685 0.61316948 0.08017038]
 [0.05976401 0.01515656 0.0988834  0.82619603]]
**********************************************************************
Node_5 Leaf_8
[[0.81180115 0.09534317 0.0538485  0.03900718]
 [0.04606487 0.83851193 0.03006956 0.08535363]
 [0.33647622 0.07360568 0.4430318  0.1468863 ]
 [0.04526517 0.25213859 0.18395588 0.51864036]]
**********************************************************************
