(Leaf_1:0.50,Leaf_2:0.50,(Leaf_3:0.50,Leaf_4:0.50)Node_1:0.50)Root:0.00;

Root Leaf_1
[[0.69627131 0.09984967 0.13563042 0.06824861]
 [0.12910145 0.53664841 0.05472892 0.27952122]
 [0.06314958 0.16116448 0.58185592 0.19383001]
 [0.26333011 0.02360219 0.05392702 0.65914069]]
**********************************************************************
Root Leaf_2
[[0.64212891 0.04318049 0.16698402 0.14770658]
 [0.11901926 0.61701155 0.11276393 0.15120527]
 [0.161806   0.06453981 0.68922707 0.08442713]
 [0.1932532  0.13686283 0.05810029 0.61178368]]
**********************************************************************
Root Node_1
[[0.55100643 0.06153197 0.13978004 0.24768155]
 [0.03268361 0.52319167 0.17782645 0.26629827]
 [0.02066979 0.15698407 0.72078452 0.10156162]
 [0.03853479 0.17570239 0.02358163 0.76218119]]
**********************************************************************
Node_1 Leaf_3
[[0.55785082 0.05071395 0.07237692 0.31905831]
 [0.0365807  0.57681243 0.23589446 0.15071242]
 [0.07108406 0.10809601 0.63578045 0.18503948]
 [0.10941957 0.0631866  0.06309794 0.76429589]]
**********************************************************************
Node_1 Leaf_4
[[0.56360034 0.21489671 0.10628725 0.11521571]
 [0.01714758 0.91815211 0.0317921  0.03290821]
 [0.10364375 0.0949796  0.59417978 0.20719687]
 [0.29140199 0.07917198 0.07627949 0.55314654]]
**********************************************************************
