(((Leaf_1:0.10,Leaf_2:0.10)Node_2:0.10,(Leaf_3:0.10,Leaf_4:0.10)Node_3:0.10)Node_1:0.10,(Leaf_5:0.10,Leaf_6:0.10)Node_4:0.10,(Leaf_7:0.10,Leaf_8:0.10)Node_5:0.10)Root:0.00;

Root Node_1
[[0.96647558 0.01354252 0.0009682  0.0190137 ]
 [0.0176412  0.82169266 0.09060734 0.0700588 ]
 [0.01012623 0.00814732 0.94059685 0.0411296 ]
 [0.02331881 0.0422993  0.02348109 0.9109008 ]]
**********************************************************************
Root Node_4
[[0.88737524 0.04568464 0.04418651 0.02275362]
 [0.01084569 0.93540226 0.01860122 0.03515083]
 [0.00855492 0.05835525 0.88164228 0.05144756]
 [0.01936633 0.04059313 0.02603554 0.914005  ]]
**********************************************************************
Root Node_5
[[0.91690131 0.03991202 0.01737657 0.02581011]
 [0.04980771 0.87688017 0.0162896  0.05702252]
 [0.03367962 0.00150185 0.92971877 0.03509976]
 [0.01596377 0.00920149 0.06197085 0.91286388]]
**********************************************************************
Node_1 Node_2
[[0.92761236 0.03934613 0.02211186 0.01092965]
 [0.0356191  0.93244999 0.02912823 0.00280269]
 [0.01420231 0.06270706 0.80997079 0.11311984]
 [0.01083743 0.014336   0.00827766 0.96654892]]
**********************************************************************
Node_1 Node_3
[[0.82935133 0.03719597 0.00944132 0.12401137]
 [0.04388679 0.91550041 0.03234765 0.00826515]
 [0.0363769  0.00558535 0.9526997  0.00533805]
 [0.01162537 0.02936128 0.03293762 0.92607574]]
**********************************************************************
Node_2 Leaf_1
[[0.93741532 0.03780398 0.00906479 0.01571591]
 [0.00747999 0.91826325 0.06029434 0.01396242]
 [0.03640523 0.04318616 0.90457285 0.01583576]
 [0.00753043 0.0146126  0.11312575 0.86473122]]
**********************************************************************
Node_2 Leaf_2
[[8.44536047e-01 1.04948023e-02 1.21833609e-01 2.31355417e-02]
 [9.67572875e-03 9.44046841e-01 1.96877037e-02 2.65897262e-02]
 [4.41155239e-03 2.06155147e-02 9.74045358e-01 9.27574492e-04]
 [1.84802463e-02 6.90270921e-02 6.24399805e-02 8.50052681e-01]]
**********************************************************************
Node_3 Leaf_3
[[0.85296522 0.08080529 0.04183157 0.02439792]
 [0.02133457 0.92345659 0.05090332 0.00430552]
 [0.01096744 0.01199232 0.97464047 0.00239977]
 [0.06246797 0.05869742 0.01174812 0.86708649]]
**********************************************************************
Node_3 Leaf_4
[[0.82848622 0.06279053 0.07695373 0.03176951]
 [0.02614631 0.92446901 0.03160701 0.01777767]
 [0.00602354 0.0262797  0.95847224 0.00922452]
 [0.00675165 0.01659097 0.08549938 0.89115799]]
**********************************************************************
Node_4 Leaf_5
[[0.9343597  0.00721036 0.01840932 0.04002061]
 [0.03765612 0.91719021 0.02623424 0.01891943]
 [0.0375313  0.04611128 0.89091989 0.02543753]
 [0.02861696 0.03668188 0.04420571 0.89049545]]
**********************************************************************
Node_4 Leaf_6
[[0.90710326 0.06547705 0.01252601 0.01489368]
 [0.04397    0.8921635  0.00559352 0.05827299]
 [0.02385136 0.02837067 0.92669977 0.0210782 ]
 [0.01583401 0.01572744 0.06211936 0.90631919]]
**********************************************************************
Node_5 Leaf_7
[[0.90406888 0.00771819 0.06610846 0.02210447]
 [0.03217401 0.9422246  0.0048218  0.02077959]
 [0.03329564 0.07916666 0.87424244 0.01329526]
 [0.01862905 0.0221155  0.05687799 0.90237747]]
**********************************************************************
Node_5 Leaf_8
[[0.88531934 0.03450999 0.002913   0.07725766]
 [0.01751151 0.96165289 0.01097851 0.00985708]
 [0.09399776 0.03072819 0.84100913 0.03426491]
 [0.01705272 0.02492992 0.01476383 0.94325353]]
**********************************************************************
