(Leaf_1:0.10,Leaf_2:0.10,(Leaf_3:0.10,Leaf_4:0.10)Node_1:0.10)Root:0.00;

Root Leaf_1
[[0.91499785 0.02593657 0.01596898 0.0430966 ]
 [0.01507951 0.94083012 0.03045102 0.01363935]
 [0.10338338 0.01168825 0.87712421 0.00780416]
 [0.02131385 0.03262235 0.05471758 0.89134622]]
**********************************************************************
Root Leaf_2
[[0.9075862  0.01223776 0.02773379 0.05244225]
 [0.02675177 0.90314749 0.01357829 0.05652244]
 [0.03963052 0.02509883 0.90114064 0.03413001]
 [0.01437647 0.02093393 0.04928893 0.91540067]]
**********************************************************************
Root Node_1
[[0.93162356 0.01601882 0.02624653 0.02611109]
 [0.05154982 0.91952627 0.00730524 0.02161866]
 [0.03151195 0.12670698 0.81311763 0.02866344]
 [0.01671274 0.02778541 0.0095944  0.94590745]]
**********************************************************************
Node_1 Leaf_3
[[0.92159735 0.02983179 0.01330634 0.03526451]
 [0.05081438 0.89848299 0.02287598 0.02782665]
 [0.03713654 0.02816244 0.88094005 0.05376097]
 [0.02705966 0.03945403 0.01472873 0.91875759]]
**********************************************************************
Node_1 Leaf_4
[[0.92857779 0.0422538  0.00447511 0.0246933 ]
 [0.03772252 0.9424338  0.00789095 0.01195272]
 [0.00747897 0.12201299 0.79645705 0.07405099]
 [0.01475116 0.02209124 0.02774799 0.9354096 ]]
**********************************************************************
