(((Leaf_1:0.10,Leaf_2:0.10)Node_2:0.10,(Leaf_3:0.10,Leaf_4:0.10)Node_3:0.10)Node_1:0.10,(Leaf_5:0.10,Leaf_6:0.10)Node_4:0.10,(Leaf_7:0.10,Leaf_8:0.10)Node_5:0.10)Root:0.00;

Root Node_1
[[0.90579773 0.01121008 0.03124177 0.05175042]
 [0.01942451 0.87139376 0.09459049 0.01459124]
 [0.03339647 0.05437171 0.89924512 0.0129867 ]
 [0.03041629 0.00196722 0.00915379 0.9584627 ]]
**********************************************************************
Root Node_4
[[0.90292393 0.06291013 0.01862061 0.01554533]
 [0.00402545 0.88729685 0.10035525 0.00832245]
 [0.00960442 0.04601575 0.93724857 0.00713126]
 [0.02701145 0.06623293 0.01438853 0.89236709]]
**********************************************************************
Root Node_5
[[0.90456091 0.01013818 0.03417987 0.05112105]
 [0.03502597 0.93307728 0.02101937 0.01087738]
 [0.02112796 0.02819344 0.8682473  0.0824313 ]
 [0.03105526 0.03227933 0.01350983 0.92315558]]
**********************************************************************
Node_1 Node_2
[[0.89753065 0.0713983  0.00251848 0.02855257]
 [0.0596076  0.89108267 0.03513327 0.01417646]
 [0.00524663 0.01401904 0.95539232 0.02534201]
 [0.04918588 0.01837385 0.04961151 0.88282876]]
**********************************************************************
Node_1 Node_3
[[0.88766431 0.043486   0.04134835 0.02750133]
 [0.0429184  0.89765299 0.01546111 0.0439675 ]
 [0.00929587 0.03228809 0.91482638 0.04358966]
 [0.03675354 0.03110483 0.0044646  0.92767703]]
**********************************************************************
Node_2 Leaf_1
[[0.96912476 0.01172476 0.0142336  0.00491688]
 [0.01914137 0.86839855 0.09750598 0.0149541 ]
 [0.00897435 0.05792981 0.90137598 0.03171986]
 [0.00624272 0.03222373 0.07481904 0.88671451]]
**********************************************************************
Node_2 Leaf_2
[[0.85067369 0.05486062 0.07870647 0.01575922]
 [0.01058153 0.97534074 0.00601108 0.00806665]
 [0.02138085 0.00646715 0.9633729  0.00877909]
 [0.1025763  0.01738184 0.05167394 0.82836793]]
**********************************************************************
Node_3 Leaf_3
[[0.92403639 0.04877753 0.01980334 0.00738274]
 [0.03344696 0.94333975 0.01188778 0.01132551]
 [0.04824971 0.05392255 0.81028302 0.08754472]
 [0.00574968 0.03045562 0.01547264 0.94832206]]
**********************************************************************
Node_3 Leaf_4
[[0.87070718 0.01380625 0.02678475 0.08870182]
 [0.01970242 0.93026699 0.02857973 0.02145086]
 [0.02694836 0.037172   0.90554548 0.03033416]
 [0.04537908 0.00706052 0.02579001 0.92177039]]
**********************************************************************
Node_4 Leaf_5
[[0.93679779 0.02455524 0.02924174 0.00940522]
 [0.02473224 0.9425479  0.02028952 0.01243034]
 [0.01410711 0.05803237 0.87795718 0.04990334]
 [0.01931763 0.05662239 0.0600846  0.86397539]]
**********************************************************************
Node_4 Leaf_6
[[0.92139751 0.03687945 0.03156334 0.01015971]
 [0.04627182 0.91779529 0.02376582 0.01216707]
 [0.03705844 0.02103757 0.89950735 0.04239664]
 [0.05268023 0.04757806 0.01663157 0.88311014]]
**********************************************************************
Node_5 Leaf_7
[[0.9428339  0.01198957 0.02924322 0.01593331]
 [0.02093717 0.9240278  0.00141665 0.05361838]
 [0.06932413 0.00393077 0.86277928 0.06396581]
 [0.03287218 0.01538124 0.05477701 0.89696958]]
**********************************************************************
Node_5 Leaf_8
[[0.90336014 0.04122491 0.04760547 0.00780949]
 [0.05766298 0.89243599 0.01932727 0.03057376]
 [0.00145845 0.05607226 0.90719543 0.03527386]
 [0.03344579 0.00441736 0.03876798 0.92336887]]
**********************************************************************
