(((Leaf_1:0.50,Leaf_2:0.50)Node_2:0.50,(Leaf_3:0.50,Leaf_4:0.50)Node_3:0.50)Node_1:0.50,((Leaf_5:0.50,Leaf_6:0.50)Node_5:0.50,(Leaf_7:0.50,Leaf_8:0.50)Node_6:0.50)Node_4:0.50,(((Leaf_9:0.50,Leaf_10:0.50)Node_9:0.50,(Leaf_11:0.50,Leaf_12:0.50)Node_10:0.50)Node_8:0.50,((Leaf_13:0.50,Leaf_14:0.50)Node_12:0.50,(Leaf_15:0.50,Leaf_16:0.50)Node_13:0.50)Node_11:0.50)Node_7:0.50)Root:0.00;

Root Node_1
[[0.4464173  0.02321067 0.10085104 0.42952098]
 [0.01052968 0.92148828 0.01974415 0.04823788]
 [0.22138398 0.03547581 0.45853449 0.28460571]
 [0.06066175 0.10339852 0.05862548 0.77731425]]
**********************************************************************
Root Node_4
[[0.78440976 0.06235484 0.06002546 0.09320995]
 [0.11616883 0.68379403 0.15029042 0.04974671]
 [0.19523647 0.07205926 0.67652983 0.05617444]
 [0.0749586  0.20038786 0.32280755 0.40184599]]
**********************************************************************
Root Node_7
[[0.45894888 0.28678528 0.09706284 0.15720299]
 [0.03962561 0.713436   0.18182315 0.06511524]
 [0.07456877 0.05194037 0.79429801 0.07919286]
 [0.12845624 0.17285853 0.11849877 0.58018646]]
**********************************************************************
Node_1 Node_2
[[0.4836062  0.17245717 0.25007196 0.09386467]
 [0.02311593 0.5086365  0.0934769  0.37477067]
 [0.05429821 0.05348579 0.84453563 0.04768037]
 [0.10587898 0.03178638 0.16437327 0.69796137]]
**********************************************************************
Node_1 Node_3
[[0.72590604 0.19690891 0.03807826 0.03910679]
 [0.05296807 0.79316276 0.08470989 0.06915928]
 [0.08591285 0.11807955 0.491153   0.3048546 ]
 [0.16973422 0.07371157 0.13514976 0.62140445]]
**********************************************************************
Node_2 Leaf_1
[[0.63201307 0.20045879 0.05941714 0.10811099]
 [0.09815486 0.5933381  0.24133583 0.0671712 ]
 [0.00902113 0.05032969 0.76980706 0.17084212]
 [0.03586466 0.34366007 0.07367653 0.54679874]]
**********************************************************************
Node_2 Leaf_2
[[0.68950864 0.18909626 0.02587201 0.09552309]
 [0.05482124 0.68183162 0.01927952 0.24406762]
 [0.24103454 0.02449024 0.67808856 0.05638665]
 [0.1793239  0.16481344 0.08491371 0.57094895]]
**********************************************************************
Node_3 Leaf_3
[[0.46618424 0.13076545 0.25963254 0.14341777]
 [0.02096271 0.75331985 0.02283973 0.20287771]
 [0.03867624 0.07678444 0.7934396  0.09109972]
 [0.15071139 0.16102859 0.10196759 0.58629243]]
**********************************************************************
Node_3 Leaf_4
[[0.66678255 0.00378804 0.20446415 0.12496526]
 [0.28825561 0.64537112 0.02650099 0.03987228]
 [0.02625278 0.05266887 0.61107726 0.31000108]
 [0.24065247 0.08758841 0.08596615 0.58579297]]
**********************************************************************
Node_4 Node_5
[[0.63340858 0.11212054 0.16198371 0.09248717]
 [0.04883436 0.73549611 0.14126028 0.07440925]
 [0.17349875 0.15051869 0.6150146  0.06096795]
 [0.17971436 0.09626979 0.1529798  0.57103606]]
**********************************************************************
Node_4 Node_6
[[0.7058609  0.10659328 0.05316034 0.13438548]
 [0.11898433 0.70201418 0.03615776 0.14284373]
 [0.11336091 0.12990601 0.48829684 0.26843625]
 [0.03939351 0.02399401 0.20814187 0.72847061]]
**********************************************************************
Node_5 Leaf_5
[[0.67280863 0.06565738 0.16338974 0.09814425]
 [0.12018067 0.60925386 0.09950135 0.17106412]
 [0.0690538  0.15770724 0.608826   0.16441296]
 [0.15806992 0.10047096 0.06931497 0.67214416]]
**********************************************************************
Node_5 Leaf_6
[[0.47679474 0.02414027 0.37478381 0.12428118]
 [0.02819591 0.85252747 0.05675453 0.06252209]
 [0.13612755 0.1459649  0.67248018 0.04542737]
 [0.21734535 0.08161791 0.04882927 0.65220748]]
**********************************************************************
Node_6 Leaf_7
[[0.54334056 0.13040599 0.25707913 0.06917432]
 [0.04317813 0.72213052 0.06076756 0.1739238 ]
 [0.06021859 0.19183859 0.64807168 0.09987114]
 [0.04428394 0.2327444  0.09954031 0.62343135]]
**********************************************************************
Node_6 Leaf_8
[[0.53169063 0.26689405 0.15642882 0.04498651]
 [0.02053849 0.80254551 0.15493108 0.02198492]
 [0.09508551 0.17359082 0.71075135 0.02057233]
 [0.02765429 0.35306257 0.19188258 0.42740056]]
**********************************************************************
Node_7 Node_8
[[0.48038505 0.1071726  0.24120801 0.17123433]
 [0.23696318 0.64924541 0.03830565 0.07548576]
 [0.04126755 0.04709797 0.70878303 0.20285145]
 [0.06792507 0.02663238 0.15475766 0.75068489]]
**********************************************************************
Node_7 Node_11
[[0.74326625 0.06205389 0.14048671 0.05419314]
 [0.06914123 0.6134196  0.1590708  0.15836836]
 [0.16666596 0.1448625  0.63276558 0.05570596]
 [0.25989552 0.08190681 0.07730539 0.58089228]]
**********************************************************************
Node_8 Node_9
[[0.52505595 0.17574495 0.1322643  0.16693481]
 [0.05442248 0.76490407 0.1222159  0.05845756]
 [0.15656361 0.02934351 0.740203   0.07388988]
 [0.11639183 0.25011947 0.09578727 0.53770144]]
**********************************************************************
Node_8 Node_10
[[0.51519785 0.04059851 0.10420457 0.33999907]
 [0.05667564 0.76249167 0.12830722 0.05252547]
 [0.07529945 0.2035421  0.7010833  0.02007516]
 [0.13395846 0.01229938 0.26042508 0.59331708]]
**********************************************************************
Node_9 Leaf_9
[[0.50895548 0.11964855 0.14378212 0.22761386]
 [0.14948707 0.76564946 0.06440292 0.02046055]
 [0.05666859 0.35351181 0.54911135 0.04070825]
 [0.1267789  0.02932722 0.10320296 0.74069093]]
**********************************************************************
Node_9 Leaf_10
[[0.69647284 0.0884996  0.19161463 0.02341293]
 [0.1364802  0.61697109 0.18623026 0.06031846]
 [0.12693669 0.12810665 0.5946943  0.15026235]
 [0.06210186 0.05352862 0.212972   0.67139753]]
**********************************************************************
Node_10 Leaf_11
[[0.56227105 0.32241803 0.08637677 0.02893416]
 [0.00432388 0.80726489 0.11071332 0.07769791]
 [0.30408118 0.03239525 0.46436544 0.19915813]
 [0.259292   0.01549726 0.01502679 0.71018395]]
**********************************************************************
Node_10 Leaf_12
[[0.47394691 0.14214801 0.10642912 0.27747595]
 [0.20072181 0.74958946 0.03776141 0.01192732]
 [0.17138581 0.06070464 0.70665771 0.06125183]
 [0.04460693 0.28173577 0.05375721 0.61990009]]
**********************************************************************
Node_11 Node_12
[[0.6009475  0.20662178 0.04571668 0.14671404]
 [0.15879093 0.69992508 0.09385892 0.04742507]
 [0.07451977 0.29212236 0.50790629 0.12545157]
 [0.07136273 0.05108875 0.10873085 0.76881766]]
**********************************************************************
Node_11 Node_13
[[0.46622869 0.11634293 0.24424642 0.17318196]
 [0.02336356 0.67021955 0.11244031 0.19397658]
 [0.05739641 0.03361768 0.84044452 0.06854138]
 [0.05467332 0.19437246 0.17361704 0.57733718]]
**********************************************************************
Node_12 Leaf_13
[[0.59717586 0.07138501 0.06591368 0.26552545]
 [0.17129076 0.61471345 0.02880662 0.18518918]
 [0.14495144 0.01933131 0.7012924  0.13442485]
 [0.27280744 0.03944376 0.02071628 0.66703252]]
**********************************************************************
Node_12 Leaf_14
[[0.34362114 0.06592253 0.23749903 0.3529573 ]
 [0.11177572 0.74480742 0.07234305 0.07107381]
 [0.07341865 0.15072947 0.70104216 0.07480972]
 [0.0169218  0.14095631 0.05816431 0.78395758]]
**********************************************************************
Node_13 Leaf_15
[[0.51284349 0.11928548 0.30266912 0.06520191]
 [0.1203923  0.74764976 0.02875786 0.10320008]
 [0.06368465 0.0251726  0.87365973 0.03748303]
 [0.16966474 0.15754559 0.22470864 0.44808103]]
**********************************************************************
Node_13 Leaf_16
[[0.68582838 0.12553878 0.1637186  0.02491425]
 [0.18806532 0.50848023 0.21545817 0.08799628]
 [0.20237263 0.03488279 0.71014167 0.05260291]
 [0.02224497 0.14034916 0.16736466 0.67004121]]
**********************************************************************
