(Leaf_1:0.10,Leaf_2:0.10,(Leaf_3:0.10,Leaf_4:0.10)Node_1:0.10)Root:0.00;

Root Leaf_1
[[0.89930651 0.00869635 0.04324363 0.0487535 ]
 [0.03402703 0.94884052 0.00212659 0.01500586]
 [0.04896263 0.01019482 0.93032723 0.01051532]
 [0.01575603 0.0599528  0.07835602 0.84593515]]
**********************************************************************
Root Leaf_2
[[0.91453292 0.02694758 0.0169939  0.0415256 ]
 [0.071512   0.9057284  0.02096657 0.00179303]
 [0.03309493 0.02403178 0.90439665 0.03847663]
 [0.03386812 0.04832174 0.01637734 0.90143279]]
**********************************************************************
Root Node_1
[[0.86605754 0.08374978 0.01717992 0.03301277]
 [0.01456464 0.90067218 0.04513291 0.03963027]
 [0.06104255 0.01476839 0.91125548 0.01293358]
 [0.0091044  0.02777785 0.01419386 0.94892389]]
**********************************************************************
Node_1 Leaf_3
[[0.89480538 0.06324734 0.03082452 0.01112276]
 [0.04924174 0.86165233 0.00364591 0.08546001]
 [0.01316579 0.02690322 0.9383387  0.02159229]
 [0.01912817 0.0335007  0.01405499 0.93331614]]
**********************************************************************
Node_1 Leaf_4
[[0.90350005 0.02183266 0.04480171 0.02986557]
 [0.03311303 0.93020488 0.03045575 0.00622634]
 [0.02880556 0.00823064 0.96060076 0.00236305]
 [0.08708947 0.03977991 0.04293979 0.83019084]]
**********************************************************************
