(((Leaf_1:0.10,Leaf_2:0.10)Node_2:0.10,(Leaf_3:0.10,Leaf_4:0.10)Node_3:0.10)Node_1:0.10,(Leaf_5:0.10,Leaf_6:0.10)Node_4:0.10,(Leaf_7:0.10,Leaf_8:0.10)Node_5:0.10)Root:0.00;

Root Node_1
[[0.90605959 0.01640901 0.04656893 0.03096247]
 [0.02409681 0.89920671 0.02507311 0.05162337]
 [0.07019081 0.00548785 0.9181106  0.00621074]
 [0.02760266 0.04122924 0.02209382 0.90907428]]
**********************************************************************
Root Node_4
[[0.93281447 0.03811941 0.01323948 0.01582664]
 [0.02255744 0.88872056 0.02573506 0.06298693]
 [0.00492645 0.04120602 0.89190095 0.06196658]
 [0.02047995 0.05358837 0.01371406 0.91221762]]
**********************************************************************
Root Node_5
[[0.95356194 0.01468217 0.02603901 0.00571689]
 [0.00479672 0.90438498 0.06612522 0.02469308]
 [0.08638606 0.03162375 0.87462119 0.007369  ]
 [0.00446886 0.06564642 0.03484417 0.89504054]]
**********************************************************************
Node_1 Node_2
[[0.94417574 0.00979068 0.03950094 0.00653264]
 [0.03912123 0.92408733 0.01978207 0.01700938]
 [0.0881498  0.00356216 0.88924338 0.01904467]
 [0.01198766 0.10557226 0.01989927 0.8625408 ]]
**********************************************************************
Node_1 Node_3
[[0.84819036 0.0107307  0.01351308 0.12756586]
 [0.02913276 0.94015212 0.00580353 0.0249116 ]
 [0.03325104 0.02329878 0.88017286 0.06327732]
 [0.00959362 0.00553137 0.03148098 0.95339403]]
**********************************************************************
Node_2 Leaf_1
[[0.91042305 0.02743166 0.01142146 0.05072383]
 [0.03114954 0.9321915  0.01814938 0.01850958]
 [0.02125356 0.00586325 0.93536987 0.03751332]
 [0.06181916 0.02441286 0.06109933 0.85266866]]
**********************************************************************
Node_2 Leaf_2
[[0.87616367 0.03067807 0.06921426 0.02394399]
 [0.02836395 0.92833745 0.01944632 0.02385228]
 [0.04104799 0.02341646 0.91971909 0.01581646]
 [0.0109486  0.05857424 0.02693966 0.9035375 ]]
**********************************************************************
Node_3 Leaf_3
[[0.83263815 0.05775715 0.00731354 0.10229116]
 [0.01187751 0.94521479 0.03241061 0.01049709]
 [0.06044144 0.002046   0.89726862 0.04024394]
 [0.0352213  0.01540531 0.00605776 0.94331563]]
**********************************************************************
Node_3 Leaf_4
[[0.84275164 0.05670905 0.0190869  0.08145241]
 [0.00892593 0.95686935 0.01344341 0.02076131]
 [0.0089166  0.02712797 0.93014539 0.03381003]
 [0.03668917 0.04090045 0.03119296 0.89121742]]
**********************************************************************
Node_4 Leaf_5
[[0.87198336 0.03704717 0.05630861 0.03466087]
 [0.05180177 0.89254272 0.02861639 0.02703912]
 [0.01394154 0.0490505  0.91184982 0.02515814]
 [0.01964436 0.02074334 0.00644211 0.95317019]]
**********************************************************************
Node_4 Leaf_6
[[0.94849388 0.01093158 0.02325    0.01732454]
 [0.0247901  0.88767532 0.0217598  0.06577478]
 [0.02963297 0.02175637 0.9152747  0.03333597]
 [0.02045251 0.0531522  0.04447096 0.88192433]]
**********************************************************************
Node_5 Leaf_7
[[0.89010871 0.09966086 0.00850961 0.00172081]
 [0.0571352  0.91858026 0.0057416  0.01854295]
 [0.04680738 0.00837749 0.94064817 0.00416696]
 [0.00515843 0.0946644  0.03618971 0.86398745]]
**********************************************************************
Node_5 Leaf_8
[[0.917702   0.04450037 0.02958604 0.00821159]
 [0.00618011 0.93311746 0.03958558 0.02111685]
 [0.08112479 0.05832505 0.85206965 0.00848051]
 [0.05151646 0.02210263 0.01010986 0.91627105]]
**********************************************************************
