(((Leaf_1:0.10,Leaf_2:0.10)Node_2:0.10,(Leaf_3:0.10,Leaf_4:0.10)Node_3:0.10)Node_1:0.10,((Leaf_5:0.10,Leaf_6:0.10)Node_5:0.10,(Leaf_7:0.10,Leaf_8:0.10)Node_6:0.10)Node_4:0.10,(((Leaf_9:0.10,Leaf_10:0.10)Node_9:0.10,(Leaf_11:0.10,Leaf_12:0.10)Node_10:0.10)Node_8:0.10,((Leaf_13:0.10,Leaf_14:0.10)Node_12:0.10,(Leaf_15:0.10,Leaf_16:0.10)Node_13:0.10)Node_11:0.10)Node_7:0.10)Root:0.00;

Root Node_1
[[0.97574394 0.00651749 0.00406064 0.01367793]
 [0.10523592 0.85806975 0.02349357 0.01320076]
 [0.0501088  0.03425254 0.88789818 0.02774048]
 [0.05175014 0.05503492 0.00859159 0.88462335]]
**********************************************************************
Root Node_4
[[0.95054202 0.00704171 0.00486452 0.03755175]
 [0.01597801 0.86480765 0.04132867 0.07788568]
 [0.10947227 0.04158575 0.84790258 0.0010394 ]
 [0.01065953 0.00507304 0.03017537 0.95409207]]
**********************************************************************
Root Node_7
[[0.90742225 0.02967399 0.03272513 0.03017862]
 [0.03263732 0.93332208 0.01733601 0.01670459]
 [0.04610839 0.02900392 0.8462661  0.07862159]
 [0.01675921 0.02107505 0.02518672 0.93697903]]
**********************************************************************
Node_1 Node_2
[[8.89019893e-01 1.53321022e-02 6.99023498e-02 2.57456546e-02]
 [2.77715195e-02 9.43266343e-01 1.64676620e-02 1.24944756e-02]
 [2.35115369e-02 3.22545075e-04 9.05358505e-01 7.08074133e-02]
 [3.47039939e-02 3.88294052e-02 2.59529250e-02 9.00513676e-01]]
**********************************************************************
Node_1 Node_3
[[0.87337945 0.06632657 0.0356869  0.02460708]
 [0.03538839 0.94051566 0.01407642 0.01001953]
 [0.03685377 0.01474605 0.91973153 0.02866865]
 [0.06102249 0.02807987 0.01332114 0.89757651]]
**********************************************************************
Node_2 Leaf_1
[[0.94096596 0.02115626 0.00494905 0.03292873]
 [0.02959935 0.92543188 0.01259962 0.03236915]
 [0.0382453  0.07501185 0.83011359 0.05662926]
 [0.01743068 0.01816724 0.04050404 0.92389803]]
**********************************************************************
Node_2 Leaf_2
[[0.93942911 0.00883403 0.035374   0.01636285]
 [0.03421317 0.88964537 0.04112172 0.03501973]
 [0.07137066 0.03414647 0.876455   0.01802787]
 [0.02428218 0.05255732 0.00661929 0.91654121]]
**********************************************************************
Node_3 Leaf_3
[[0.96506561 0.00925853 0.01232861 0.01334726]
 [0.01246822 0.8753372  0.03088686 0.08130772]
 [0.01943248 0.07528552 0.89158334 0.01369866]
 [0.07401034 0.0269587  0.01019034 0.88884063]]
**********************************************************************
Node_3 Leaf_4
[[0.95195402 0.00693011 0.02294715 0.01816871]
 [0.02415792 0.93515922 0.00922865 0.03145421]
 [0.12499866 0.04055385 0.8071284  0.02731909]
 [0.00402871 0.03149878 0.04315591 0.92131661]]
**********************************************************************
Node_4 Node_5
[[0.9515301  0.01592086 0.02414999 0.00839905]
 [0.01382911 0.9197     0.01527175 0.05119914]
 [0.026098   0.02370139 0.94415691 0.0060437 ]
 [0.0641702  0.01729314 0.10064462 0.81789204]]
**********************************************************************
Node_4 Node_6
[[0.87951249 0.04925286 0.04496141 0.02627324]
 [0.018455   0.94205086 0.01077028 0.02872386]
 [0.02100322 0.11157831 0.85726675 0.01015172]
 [0.02117822 0.02975306 0.00188303 0.94718569]]
**********************************************************************
Node_5 Leaf_5
[[0.89832696 0.09299245 0.00525163 0.00342896]
 [0.02581417 0.88467425 0.06644655 0.02306503]
 [0.01469849 0.03811627 0.94498705 0.00219819]
 [0.06500571 0.00823006 0.0265658  0.90019843]]
**********************************************************************
Node_5 Leaf_6
[[0.92164271 0.0208488  0.04004548 0.01746301]
 [0.0322106  0.85833209 0.06069481 0.04876251]
 [0.01132201 0.0608455  0.89898444 0.02884804]
 [0.01259702 0.00247409 0.03155201 0.95337688]]
**********************************************************************
Node_6 Leaf_7
[[0.9006604  0.01864998 0.03816266 0.04252696]
 [0.02450176 0.89318926 0.06091429 0.0213947 ]
 [0.03293761 0.02270158 0.89017882 0.05418199]
 [0.03034886 0.0071638  0.01520056 0.94728677]]
**********************************************************************
Node_6 Leaf_8
[[0.83923749 0.06147744 0.01938871 0.07989636]
 [0.07312707 0.89839176 0.00627399 0.02220718]
 [0.03030564 0.00889084 0.93023648 0.03056704]
 [0.00319365 0.02936999 0.00888206 0.95855429]]
**********************************************************************
Node_7 Node_8
[[0.90155282 0.04563854 0.03477247 0.01803617]
 [0.0146602  0.97254854 0.00112891 0.01166235]
 [0.0201762  0.0791024  0.86991045 0.03081095]
 [0.06476137 0.02955644 0.03053079 0.87515141]]
**********************************************************************
Node_7 Node_11
[[0.89936436 0.0601618  0.03539786 0.00507599]
 [0.00846273 0.88891615 0.01868675 0.08393437]
 [0.00860254 0.08510381 0.89158622 0.01470743]
 [0.00977223 0.01940856 0.02551123 0.94530798]]
**********************************************************************
Node_8 Node_9
[[0.91379001 0.04043618 0.01731008 0.02846373]
 [0.02343791 0.90686735 0.02099736 0.04869739]
 [0.00474212 0.02225623 0.93595743 0.03704422]
 [0.01538062 0.04776735 0.05862762 0.87822441]]
**********************************************************************
Node_8 Node_10
[[0.91262525 0.01602863 0.02865321 0.04269291]
 [0.01815299 0.91382279 0.06160619 0.00641803]
 [0.0628796  0.01219926 0.90408558 0.02083556]
 [0.03993592 0.03115969 0.02677318 0.90213121]]
**********************************************************************
Node_9 Leaf_9
[[0.84983347 0.05654463 0.07122496 0.02239694]
 [0.00613063 0.91709115 0.0085287  0.06824953]
 [0.02904139 0.0290521  0.90033757 0.04156894]
 [0.01070062 0.01436622 0.01401939 0.96091376]]
**********************************************************************
Node_9 Leaf_10
[[0.87253448 0.06120508 0.03248918 0.03377126]
 [0.00451543 0.94740296 0.0327166  0.01536501]
 [0.0080622  0.00769903 0.96901304 0.01522573]
 [0.07023791 0.02341143 0.06259031 0.84376036]]
**********************************************************************
Node_10 Leaf_11
[[0.941347   0.01202039 0.02870429 0.01792832]
 [0.05259224 0.85513682 0.03859688 0.05367406]
 [0.05749281 0.02571712 0.90631444 0.01047564]
 [0.00366981 0.03719806 0.03102594 0.92810618]]
**********************************************************************
Node_10 Leaf_12
[[0.91359578 0.03589887 0.03132038 0.01918498]
 [0.02062119 0.95788228 0.00736278 0.01413375]
 [0.01957253 0.06821096 0.89758236 0.01463415]
 [0.10050911 0.03829596 0.01731443 0.84388049]]
**********************************************************************
Node_11 Node_12
[[0.94896095 0.0286218  0.01673566 0.00568159]
 [0.03105796 0.94544058 0.00875693 0.01474453]
 [0.00579989 0.1094298  0.85723525 0.02753506]
 [0.01153163 0.1060725  0.02355162 0.85884425]]
**********************************************************************
Node_11 Node_13
[[0.87032367 0.02264788 0.06306421 0.04396425]
 [0.00818704 0.92622608 0.05080177 0.01478511]
 [0.04778208 0.01428214 0.93122169 0.00671408]
 [0.03680952 0.03185691 0.0227883  0.90854526]]
**********************************************************************
Node_12 Leaf_13
[[0.85146276 0.07939762 0.05655339 0.01258624]
 [0.01155839 0.94682011 0.02930662 0.01231488]
 [0.05611773 0.02991217 0.90227442 0.01169568]
 [0.00228198 0.02232705 0.04558924 0.92980174]]
**********************************************************************
Node_12 Leaf_14
[[0.84216711 0.10326652 0.01954278 0.03502359]
 [0.04035518 0.90574405 0.01934592 0.03455485]
 [0.02527564 0.04058746 0.92751068 0.00662622]
 [0.01314345 0.03286471 0.00469562 0.94929622]]
**********************************************************************
Node_13 Leaf_15
[[0.84756922 0.09225083 0.03794256 0.02223739]
 [0.02191039 0.94489019 0.02849156 0.00470785]
 [0.03165538 0.01921056 0.89822307 0.05091099]
 [0.01788224 0.01099345 0.03653186 0.93459245]]
**********************************************************************
Node_13 Leaf_16
[[0.91120315 0.02317371 0.03074143 0.0348817 ]
 [0.02365887 0.89025543 0.03936265 0.04672305]
 [0.00617193 0.0071465  0.96180312 0.02487845]
 [0.02927598 0.07082398 0.03123583 0.86866422]]
**********************************************************************
