(Leaf_1:0.10,Leaf_2:0.10,(Leaf_3:0.10,Leaf_4:0.10)Node_1:0.10)Root:0.00;

Root Leaf_1
[[0.85559609 0.01919316 0.02668459 0.09852616]
 [0.00438678 0.96081195 0.0275408  0.00726047]
 [0.04452043 0.01330796 0.92276936 0.01940226]
 [0.07314245 0.0208823  0.01245818 0.89351707]]
**********************************************************************
Root Leaf_2
[[0.94972387 0.00503529 0.01407013 0.03117071]
 [0.09459807 0.82178868 0.07180427 0.01180898]
 [0.02013104 0.0063547  0.96444623 0.00906804]
 [0.04364387 0.05636087 0.00747404 0.89252122]]
**********************************************************************
Root Node_1
[[0.86605806 0.07511777 0.02699908 0.03182508]
 [0.01322494 0.97342356 0.00828614 0.00506536]
 [0.06576574 0.05106936 0.87143847 0.01172643]
 [0.02414731 0.03581462 0.03317847 0.90685961]]
**********************************************************************
Node_1 Leaf_3
[[0.9346926  0.00494503 0.04515291 0.01520945]
 [0.00290837 0.9147391  0.04694739 0.03540514]
 [0.04663039 0.07947608 0.85148026 0.02241328]
 [0.01781129 0.00596732 0.04430594 0.93191545]]
**********************************************************************
Node_1 Leaf_4
[[0.91857194 0.00373319 0.05391909 0.02377578]
 [0.06887232 0.88355547 0.01529637 0.03227585]
 [0.05636998 0.00563018 0.91585038 0.02214946]
 [0.05520438 0.01389256 0.01656956 0.9143335 ]]
**********************************************************************
