(Leaf_1:0.50,Leaf_2:0.50,(Leaf_3:0.50,Leaf_4:0.50)Node_1:0.50)Root:0.00;

Root Leaf_1
[[0.47834126 0.04812871 0.12924873 0.34428131]
 [0.0568137  0.79399633 0.0692848  0.07990518]
 [0.08436513 0.07202886 0.73392049 0.10968552]
 [0.17283534 0.1304904  0.06610201 0.63057226]]
**********************************************************************
Root Leaf_2
[[0.52077122 0.22407831 0.1935651  0.06158538]
 [0.08317932 0.66317047 0.08168851 0.17196171]
 [0.14256622 0.22021488 0.55882231 0.07839659]
 [0.04763342 0.08436702 0.03274958 0.83524998]]
**********************************************************************
Root Node_1
[[0.54463244 0.16360843 0.1131942  0.17856493]
 [0.05402895 0.73479365 0.06850307 0.14267434]
 [0.02093638 0.27361114 0.61576094 0.08969154]
 [0.19539099 0.05925005 0.10804569 0.63731327]]
**********************************************************************
Node_1 Leaf_3
[[0.78802592 0.08293886 0.12087086 0.00816436]
 [0.05270954 0.70929331 0.06466368 0.17333347]
 [0.12029473 0.44710136 0.35974708 0.07285683]
 [0.19135383 0.06447724 0.00721408 0.73695484]]
**********************************************************************
Node_1 Leaf_4
[[0.65558441 0.0360235  0.07459791 0.23379417]
 [0.04135135 0.81534537 0.03604503 0.10725826]
 [0.1276137  0.4261722  0.37852797 0.06768613]
 [0.14212985 0.07377547 0.08103673 0.70305795]]
**********************************************************************
