(((Leaf_1:0.50,Leaf_2:0.50)Node_2:0.50,(Leaf_3:0.50,Leaf_4:0.50)Node_3:0.50)Node_1:0.50,(Leaf_5:0.50,Leaf_6:0.50)Node_4:0.50,(Leaf_7:0.50,Leaf_8:0.50)Node_5:0.50)Root:0.00;

Root Node_1
[[0.65840616 0.02381374 0.08846392 0.22931619]
 [0.13296642 0.65686771 0.0658396  0.14432627]
 [0.15369491 0.01139348 0.74493333 0.08997828]
 [0.27647276 0.11407933 0.06661223 0.54283568]]
**********************************************************************
Root Node_4
[[0.5433629  0.08198203 0.25457546 0.12007961]
 [0.11042066 0.49498689 0.20357522 0.19101722]
 [0.02013013 0.06617953 0.87423501 0.03945534]
 [0.12807524 0.07030701 0.16535891 0.63625884]]
**********************************************************************
Root Node_5
[[0.65752342 0.12122581 0.07525349 0.14599728]
 [0.43471302 0.43853198 0.02003309 0.10672191]
 [0.06264874 0.06639973 0.77419955 0.09675198]
 [0.10229535 0.11144908 0.04232371 0.74393185]]
**********************************************************************
Node_1 Node_2
[[0.60041451 0.11583227 0.15259039 0.13116284]
 [0.03933683 0.59953478 0.0801712  0.28095719]
 [0.03282031 0.046814   0.77016327 0.15020242]
 [0.08718155 0.23461333 0.04943277 0.62877235]]
**********************************************************************
Node_1 Node_3
[[0.46020472 0.0916531  0.32140203 0.12674015]
 [0.09185482 0.60168705 0.20722338 0.09923474]
 [0.0912125  0.13081416 0.69561989 0.08235345]
 [0.03838815 0.04141161 0.08894525 0.83125499]]
**********************************************************************
Node_2 Leaf_1
[[0.58826065 0.10170315 0.21337013 0.09666606]
 [0.1073387  0.71293078 0.08977686 0.08995365]
 [0.21437138 0.12733697 0.56788378 0.09040787]
 [0.02862185 0.23822819 0.02457533 0.70857462]]
**********************************************************************
Node_2 Leaf_2
[[0.9323472  0.01156524 0.02188068 0.03420688]
 [0.02722797 0.75310558 0.1090146  0.11065186]
 [0.1615615  0.20245532 0.51351717 0.12246601]
 [0.374987   0.11574484 0.09400611 0.41526205]]
**********************************************************************
Node_3 Leaf_3
[[0.6598187  0.05405465 0.24056066 0.04556598]
 [0.26963491 0.43921279 0.20127761 0.08987469]
 [0.06500405 0.0224079  0.69882535 0.21376269]
 [0.02944002 0.09860355 0.14425236 0.72770407]]
**********************************************************************
Node_3 Leaf_4
[[0.40404762 0.31253694 0.24012298 0.04329246]
 [0.14506099 0.70436281 0.02109196 0.12948424]
 [0.03785659 0.08094157 0.65569911 0.22550274]
 [0.1328692  0.01089785 0.02265835 0.83357459]]
**********************************************************************
Node_4 Leaf_5
[[0.61456454 0.10571252 0.20082814 0.07889479]
 [0.13338571 0.46309311 0.30990954 0.09361165]
 [0.04806628 0.02829878 0.84809269 0.07554224]
 [0.04529605 0.14365503 0.23769803 0.5733509 ]]
**********************************************************************
Node_4 Leaf_6
[[0.82996858 0.06365966 0.0734852  0.03288656]
 [0.0784238  0.78342765 0.06563376 0.07251478]
 [0.03398452 0.31829538 0.51786876 0.12985134]
 [0.13800658 0.30559377 0.08652649 0.46987316]]
**********************************************************************
Node_5 Leaf_7
[[0.74917945 0.07208531 0.06750661 0.11122863]
 [0.30594023 0.54441707 0.03928281 0.11035989]
 [0.11932654 0.09908282 0.64934737 0.13224327]
 [0.27171636 0.08183148 0.07872779 0.56772436]]
**********************************************************************
Node_5 Leaf_8
[[0.65956517 0.13071026 0.09721791 0.11250666]
 [0.17987878 0.59079989 0.10161746 0.12770387]
 [0.04719028 0.13788722 0.640528   0.1743945 ]
 [0.18121789 0.08926814 0.07141148 0.65810249]]
**********************************************************************
