(((Leaf_1:0.50,Leaf_2:0.50)Node_2:0.50,(Leaf_3:0.50,Leaf_4:0.50)Node_3:0.50)Node_1:0.50,(Leaf_5:0.50,Leaf_6:0.50)Node_4:0.50,(Leaf_7:0.50,Leaf_8:0.50)Node_5:0.50)Root:0.00;

Root Node_1
[[0.81375646 0.08823435 0.03822142 0.05978776]
 [0.09879371 0.61279731 0.24229573 0.04611325]
 [0.11513728 0.06487526 0.78471464 0.03527282]
 [0.44609934 0.07528359 0.13587652 0.34274055]]
**********************************************************************
Root Node_4
[[0.64381693 0.24344337 0.07663724 0.03610246]
 [0.13917405 0.48194221 0.15322846 0.22565528]
 [0.09554876 0.1451146  0.71888028 0.04045635]
 [0.04008568 0.09836864 0.08487547 0.77667022]]
**********************************************************************
Root Node_5
[[0.78264771 0.05273318 0.07905759 0.08556152]
 [0.1394381  0.52184528 0.1800532  0.15866342]
 [0.18664525 0.07878094 0.61228238 0.12229143]
 [0.083965   0.14180987 0.13979687 0.63442827]]
**********************************************************************
Node_1 Node_2
[[0.77153306 0.17298543 0.01255239 0.04292912]
 [0.15271324 0.6580393  0.17401191 0.01523555]
 [0.06164157 0.16668022 0.73919219 0.03248603]
 [0.18227367 0.43751231 0.01728433 0.36292969]]
**********************************************************************
Node_1 Node_3
[[0.78163343 0.0431518  0.03453288 0.14068189]
 [0.12915434 0.61920027 0.19680353 0.05484186]
 [0.0571936  0.21656554 0.63393488 0.09230599]
 [0.0872043  0.15185512 0.1668004  0.59414019]]
**********************************************************************
Node_2 Leaf_1
[[0.65440591 0.04677228 0.28665125 0.01217055]
 [0.44074142 0.39914496 0.11065885 0.04945477]
 [0.05593742 0.12590565 0.72779461 0.09036231]
 [0.02799675 0.05646818 0.08276473 0.83277034]]
**********************************************************************
Node_2 Leaf_2
[[0.7097353  0.18559512 0.03879776 0.06587183]
 [0.13098331 0.76899291 0.00543872 0.09458506]
 [0.16136384 0.08227686 0.6256208  0.13073849]
 [0.2417217  0.06392793 0.15852564 0.53582473]]
**********************************************************************
Node_3 Leaf_3
[[0.42445747 0.09454663 0.38528543 0.09571047]
 [0.10112508 0.71561407 0.09819512 0.08506572]
 [0.02494834 0.02339975 0.75729516 0.19435675]
 [0.11072451 0.14609481 0.07561741 0.66756326]]
**********************************************************************
Node_3 Leaf_4
[[0.73661637 0.05008632 0.14087562 0.07242169]
 [0.06997119 0.72183502 0.05664892 0.15154487]
 [0.09750737 0.10017492 0.69520272 0.10711499]
 [0.05091569 0.22948002 0.25117277 0.46843152]]
**********************************************************************
Node_4 Leaf_5
[[0.43252739 0.03530858 0.36947383 0.1626902 ]
 [0.04902456 0.70885758 0.05901437 0.18310348]
 [0.11379507 0.13434906 0.71383539 0.03802048]
 [0.03902692 0.14698954 0.0858349  0.72814863]]
**********************************************************************
Node_4 Leaf_6
[[0.57403035 0.18050222 0.0827093  0.16275813]
 [0.06267575 0.56085521 0.17365063 0.20281841]
 [0.073035   0.06483726 0.82923029 0.03289745]
 [0.15054143 0.17298651 0.05486547 0.62160658]]
**********************************************************************
Node_5 Leaf_7
[[0.62537376 0.1957956  0.03498291 0.14384772]
 [0.05792105 0.56600242 0.30685855 0.06921798]
 [0.02116442 0.1032054  0.81281845 0.06281173]
 [0.02711496 0.09046008 0.333645   0.54877995]]
**********************************************************************
Node_5 Leaf_8
[[0.62440878 0.09604872 0.07455513 0.20498737]
 [0.03855589 0.79964239 0.05350162 0.1083001 ]
 [0.20561729 0.07601258 0.66089277 0.05747736]
 [0.11886822 0.20147402 0.18004435 0.4996134 ]]
**********************************************************************
