(Leaf_1:0.10,Leaf_2:0.10,(Leaf_3:0.10,Leaf_4:0.10)Node_1:0.10)Root:0.00;

Root Leaf_1
[[0.93655398 0.02310744 0.02866602 0.01167255]
 [0.01799821 0.92810262 0.05010857 0.0037906 ]
 [0.00748752 0.04827423 0.90136925 0.04286899]
 [0.00930064 0.05871091 0.06995438 0.86203407]]
**********************************************************************
Root Leaf_2
[[0.89299185 0.01567931 0.01557882 0.07575002]
 [0.03556639 0.8753425  0.05337481 0.0357163 ]
 [0.00715999 0.02303115 0.93724543 0.03256343]
 [0.04249015 0.0321869  0.00720563 0.91811731]]
**********************************************************************
Root Node_1
[[0.87299787 0.01734308 0.04206635 0.06759269]
 [0.01780588 0.90884285 0.03754535 0.03580592]
 [0.02125754 0.02899593 0.93018453 0.019562  ]
 [0.01347668 0.04109021 0.03615831 0.90927479]]
**********************************************************************
Node_1 Leaf_3
[[0.91495104 0.02268777 0.0549474  0.00741378]
 [0.00894938 0.92491077 0.03207201 0.03406784]
 [0.00913085 0.03152489 0.85026667 0.10907759]
 [0.05276566 0.00398108 0.0062938  0.93695947]]
**********************************************************************
Node_1 Leaf_4
[[0.8983464  0.02422758 0.02853337 0.04889265]
 [0.04935668 0.89212299 0.01963923 0.0388811 ]
 [0.02176589 0.01736076 0.93249275 0.0283806 ]
 [0.00953041 0.02886194 0.06323171 0.89837594]]
**********************************************************************
