(Leaf_1:0.10,Leaf_2:0.10,(Leaf_3:0.10,Leaf_4:0.10)Node_1:0.10)Root:0.00;

Root Leaf_1
[[0.932282   0.03273511 0.02823088 0.00675201]
 [0.05152824 0.89449744 0.01836993 0.03560439]
 [0.03003516 0.01401405 0.92301379 0.032937  ]
 [0.00589793 0.10008561 0.01433304 0.87968342]]
**********************************************************************
Root Leaf_2
[[0.81056189 0.04315508 0.01846771 0.12781533]
 [0.01130263 0.93619715 0.02410207 0.02839816]
 [0.02235053 0.03284461 0.93352597 0.01127889]
 [0.02026428 0.0190725  0.01831159 0.94235163]]
**********************************************************************
Root Node_1
[[0.92462997 0.01669195 0.03788574 0.02079234]
 [0.01587459 0.96272647 0.0096516  0.01174735]
 [0.03014774 0.05618763 0.90046501 0.01319962]
 [0.08054397 0.02038193 0.05937289 0.83970121]]
**********************************************************************
Node_1 Leaf_3
[[0.92764602 0.00153319 0.06843779 0.00238299]
 [0.01188723 0.91709002 0.03459132 0.03643142]
 [0.11144215 0.05177875 0.83430923 0.00246987]
 [0.00486653 0.00757861 0.0306363  0.95691856]]
**********************************************************************
Node_1 Leaf_4
[[0.89505628 0.04819297 0.04156234 0.01518841]
 [0.05795176 0.8646561  0.0104529  0.06693924]
 [0.02320209 0.01812526 0.93247766 0.026195  ]
 [0.02677231 0.01975388 0.01561349 0.93786032]]
**********************************************************************
