(((Leaf_1:0.10,Leaf_2:0.10)Node_2:0.10,(Leaf_3:0.10,Leaf_4:0.10)Node_3:0.10)Node_1:0.10,(Leaf_5:0.10,Leaf_6:0.10)Node_4:0.10,(Leaf_7:0.10,Leaf_8:0.10)Node_5:0.10)Root:0.00;

Root Node_1
[[0.88789503 0.09816145 0.00678346 0.00716005]
 [0.00173484 0.96382687 0.02390475 0.01053354]
 [0.03523772 0.01724023 0.86702421 0.08049784]
 [0.02173924 0.01187915 0.05177055 0.91461106]]
**********************************************************************
Root Node_4
[[0.91998877 0.0148225  0.01062376 0.05456497]
 [0.00979044 0.86483779 0.03374377 0.091628  ]
 [0.0210387  0.02520341 0.9470018  0.00675609]
 [0.01156814 0.0128167  0.09150353 0.88411163]]
**********************************************************************
Root Node_5
[[0.89169213 0.02643967 0.06121723 0.02065097]
 [0.05553514 0.88259816 0.01413316 0.04773353]
 [0.00951842 0.01713478 0.96474739 0.00859941]
 [0.0274542  0.03039256 0.06192283 0.88023042]]
**********************************************************************
Node_1 Node_2
[[0.91621153 0.04188459 0.02643609 0.01546779]
 [0.05989074 0.82994387 0.06745095 0.04271444]
 [0.01310955 0.00108079 0.96469689 0.02111276]
 [0.06112745 0.0115034  0.01487309 0.91249606]]
**********************************************************************
Node_1 Node_3
[[0.90862537 0.01665129 0.01458941 0.06013393]
 [0.02306698 0.88779605 0.02353437 0.0656026 ]
 [0.0731757  0.00941628 0.88490702 0.032501  ]
 [0.01468654 0.00944052 0.03688637 0.93898657]]
**********************************************************************
Node_2 Leaf_1
[[0.93422635 0.01718073 0.02824734 0.02034558]
 [0.06700801 0.86821821 0.04057399 0.02419978]
 [0.00994722 0.01766814 0.91110951 0.06127513]
 [0.00418316 0.01963837 0.06867814 0.90750033]]
**********************************************************************
Node_2 Leaf_2
[[0.89449133 0.02995161 0.06636148 0.00919558]
 [0.03914531 0.89842311 0.06006918 0.00236239]
 [0.04617129 0.05510362 0.89216278 0.0065623 ]
 [0.01136967 0.00684464 0.03924877 0.94253692]]
**********************************************************************
Node_3 Leaf_3
[[0.93145261 0.01290017 0.04942513 0.00622209]
 [0.10669919 0.80726234 0.06859063 0.01744784]
 [0.05446066 0.00127217 0.92113348 0.0231337 ]
 [0.02090679 0.01426287 0.00833449 0.95649585]]
**********************************************************************
Node_3 Leaf_4
[[0.93111328 0.05532418 0.00510967 0.00845287]
 [0.0066031  0.88732266 0.03085687 0.07521737]
 [0.09311507 0.01417949 0.88953648 0.00316896]
 [0.01087305 0.05836117 0.01220747 0.91855831]]
**********************************************************************
Node_4 Leaf_5
[[0.89789329 0.0731527  0.01083623 0.01811778]
 [0.0142303  0.94505024 0.01502143 0.02569803]
 [0.04847612 0.01438173 0.91626727 0.02087487]
 [0.07959026 0.02222    0.02398793 0.8742018 ]]
**********************************************************************
Node_4 Leaf_6
[[0.90793688 0.0073214  0.04045531 0.04428641]
 [0.03820214 0.91057095 0.01517904 0.03604786]
 [0.01554512 0.03702165 0.88663354 0.06079969]
 [0.01318915 0.04621049 0.01722439 0.92337597]]
**********************************************************************
Node_5 Leaf_7
[[0.90096371 0.03348301 0.03891404 0.02663924]
 [0.03433481 0.88793047 0.04050942 0.0372253 ]
 [0.01937796 0.0165962  0.936902   0.02712384]
 [0.06767532 0.0187515  0.01684093 0.89673225]]
**********************************************************************
Node_5 Leaf_8
[[0.90461969 0.0342342  0.01448748 0.04665863]
 [0.01769029 0.93851552 0.01051375 0.03328044]
 [0.02501663 0.02019988 0.91942395 0.03535954]
 [0.05021716 0.05787754 0.01989668 0.87200862]]
**********************************************************************
