(Leaf_1:0.10,Leaf_2:0.10,(Leaf_3:0.10,Leaf_4:0.10)Node_1:0.10)Root:0.00;

Root Leaf_1
[[0.89731033 0.03592268 0.04321152 0.02355547]
 [0.00539336 0.93285768 0.05061346 0.0111355 ]
 [0.08341367 0.03812272 0.86605046 0.01241314]
 [0.02741193 0.01321478 0.02251491 0.93685838]]
**********************************************************************
Root Leaf_2
[[0.90182827 0.02224855 0.02444979 0.0514734 ]
 [0.01653273 0.91742439 0.01327821 0.05276467]
 [0.0195705  0.06162137 0.87375042 0.04505771]
 [0.01005829 0.05185557 0.00910628 0.92897987]]
**********************************************************************
Root Node_1
[[0.87767231 0.04656761 0.05619478 0.01956529]
 [0.03687254 0.90257628 0.05539255 0.00515863]
 [0.01943672 0.05775485 0.9033756  0.01943283]
 [0.04185067 0.00120118 0.01251959 0.94442857]]
**********************************************************************
Node_1 Leaf_3
[[0.94999251 0.00341207 0.02421288 0.02238253]
 [0.00211355 0.93087172 0.03030676 0.03670797]
 [0.06353926 0.01574586 0.87790924 0.04280563]
 [0.0356272  0.03833296 0.05051584 0.875524  ]]
**********************************************************************
Node_1 Leaf_4
[[0.84115729 0.00312825 0.10454429 0.05117016]
 [0.01340542 0.93424669 0.00459899 0.04774889]
 [0.01192339 0.00421523 0.93163792 0.05222346]
 [0.02841536 0.03218212 0.03038889 0.90901363]]
**********************************************************************
