(((Leaf_1:0.50,Leaf_2:0.50)Node_2:0.50,(Leaf_3:0.50,Leaf_4:0.50)Node_3:0.50)Node_1:0.50,(Leaf_5:0.50,Leaf_6:0.50)Node_4:0.50,(Leaf_7:0.50,Leaf_8:0.50)Node_5:0.50)Root:0.00;

Root Node_1
[[0.66532821 0.08652906 0.11098393 0.1371588 ]
 [0.17451516 0.4868968  0.27715525 0.0614328 ]
 [0.12041358 0.08146129 0.65832087 0.13980427]
 [0.03906406 0.10948469 0.11824285 0.7332084 ]]
**********************************************************************
Root Node_4
[[0.760541   0.03709625 0.05460524 0.14775751]
 [0.15289348 0.51587758 0.21929658 0.11193236]
 [0.05690765 0.13453956 0.74336754 0.06518525]
 [0.14371021 0.06188121 0.25993503 0.53447355]]
**********************************************************************
Root Node_5
[[0.42723202 0.14276473 0.31631908 0.11368417]
 [0.02091677 0.75768536 0.17915852 0.04223934]
 [0.03812307 0.25814311 0.60275613 0.10097768]
 [0.13690778 0.05140826 0.02197755 0.78970642]]
**********************************************************************
Node_1 Node_2
[[0.70007793 0.02289713 0.19197006 0.08505488]
 [0.04535838 0.73418696 0.10063205 0.11982261]
 [0.17150941 0.13441329 0.5859993  0.10807799]
 [0.17258215 0.12626135 0.14170182 0.55945469]]
**********************************************************************
Node_1 Node_3
[[0.57726507 0.06597667 0.14090381 0.21585445]
 [0.20430448 0.63995654 0.13678535 0.01895363]
 [0.14270576 0.00804593 0.68057473 0.16867358]
 [0.11486126 0.08092582 0.1731551  0.63105782]]
**********************************************************************
Node_2 Leaf_1
[[0.70042183 0.01498412 0.21508134 0.0695127 ]
 [0.14082307 0.5587884  0.26658486 0.03380366]
 [0.19188856 0.01072546 0.51247901 0.28490697]
 [0.2403422  0.01120463 0.04359436 0.70485881]]
**********************************************************************
Node_2 Leaf_2
[[0.6465298  0.07916934 0.07185305 0.20244781]
 [0.19587384 0.44415803 0.02902559 0.33094254]
 [0.23924553 0.02103389 0.48987254 0.24984804]
 [0.03882391 0.00675697 0.03676067 0.91765845]]
**********************************************************************
Node_3 Leaf_3
[[0.7097506  0.11706828 0.05830323 0.11487789]
 [0.16963753 0.58852094 0.20113785 0.04070368]
 [0.10190776 0.117574   0.68101591 0.09950233]
 [0.10701584 0.09596705 0.21312696 0.58389016]]
**********************************************************************
Node_3 Leaf_4
[[0.60036927 0.0794457  0.11125484 0.20893019]
 [0.07986167 0.72108651 0.02658889 0.17246293]
 [0.08205631 0.03746444 0.61170562 0.26877363]
 [0.09638807 0.16440292 0.10365135 0.63555765]]
**********************************************************************
Node_4 Leaf_5
[[0.85398767 0.04795033 0.06984037 0.02822163]
 [0.12083182 0.54162452 0.12690207 0.21064159]
 [0.146244   0.2391947  0.58007373 0.03448758]
 [0.09757368 0.18843061 0.06337369 0.65062203]]
**********************************************************************
Node_4 Leaf_6
[[0.84160472 0.01855173 0.01663543 0.12320812]
 [0.05340882 0.6909859  0.19729333 0.05831196]
 [0.35684502 0.16772036 0.44269764 0.03273698]
 [0.13049767 0.20596675 0.05925394 0.60428164]]
**********************************************************************
Node_5 Leaf_7
[[0.68577229 0.15776412 0.06469775 0.09176584]
 [0.13166803 0.5768196  0.12256591 0.16894646]
 [0.01633049 0.07346492 0.44802389 0.4621807 ]
 [0.04618352 0.08724754 0.0400254  0.82654354]]
**********************************************************************
Node_5 Leaf_8
[[0.49107048 0.02343655 0.38003438 0.10545859]
 [0.05521374 0.90678711 0.00917947 0.02881968]
 [0.11828561 0.01141653 0.82090603 0.04939183]
 [0.09650139 0.03541363 0.47368182 0.39440316]]
**********************************************************************
