(((Leaf_1:0.10,Leaf_2:0.10)Node_2:0.10,(Leaf_3:0.10,Leaf_4:0.10)Node_3:0.10)Node_1:0.10,((Leaf_5:0.10,Leaf_6:0.10)Node_5:0.10,(Leaf_7:0.10,Leaf_8:0.10)Node_6:0.10)Node_4:0.10,(((Leaf_9:0.10,Leaf_10:0.10)Node_9:0.10,(Leaf_11:0.10,Leaf_12:0.10)Node_10:0.10)Node_8:0.10,((Leaf_13:0.10,Leaf_14:0.10)Node_12:0.10,(Leaf_15:0.10,Leaf_16:0.10)Node_13:0.10)Node_11:0.10)Node_7:0.10)Root:0.00;

Root Node_1
[[0.92170167 0.01544709 0.0436048  0.01924644]
 [0.02824937 0.92379916 0.01948697 0.0284645 ]
 [0.05852618 0.04020542 0.84759892 0.05366947]
 [0.0045109  0.05352032 0.00954998 0.93241881]]
**********************************************************************
Root Node_4
[[0.89716976 0.02232087 0.06309856 0.01741081]
 [0.04022684 0.88697417 0.01238999 0.060409  ]
 [0.02634898 0.01105469 0.90840046 0.05419587]
 [0.01788099 0.02760273 0.00949873 0.94501756]]
**********************************************************************
Root Node_7
[[0.93786827 0.0490875  0.00774059 0.00530365]
 [0.0076413  0.9219127  0.02239436 0.04805164]
 [0.11060515 0.00925382 0.85350859 0.02663244]
 [0.02118588 0.01297909 0.05963903 0.90619599]]
**********************************************************************
Node_1 Node_2
[[0.87937426 0.0321038  0.06226884 0.0262531 ]
 [0.0614293  0.89365178 0.03116422 0.0137547 ]
 [0.03247744 0.03583178 0.92774785 0.00394293]
 [0.00505406 0.02787651 0.02836541 0.93870402]]
**********************************************************************
Node_1 Node_3
[[0.8774014  0.01782364 0.05689183 0.04788313]
 [0.00197673 0.96050642 0.02923308 0.00828378]
 [0.01804797 0.0322081  0.93956348 0.01018044]
 [0.11085723 0.01391543 0.01549764 0.8597297 ]]
**********************************************************************
Node_2 Leaf_1
[[0.88937966 0.05335785 0.04084139 0.01642111]
 [0.0142426  0.8946027  0.02588814 0.06526657]
 [0.01818677 0.01311073 0.94440448 0.02429802]
 [0.01993864 0.04171879 0.03214958 0.90619299]]
**********************************************************************
Node_2 Leaf_2
[[0.88058315 0.04025439 0.05209212 0.02707035]
 [0.04143717 0.91129507 0.03602437 0.01124339]
 [0.04602105 0.02582636 0.91229411 0.01585847]
 [0.03314161 0.0318462  0.00931323 0.92569896]]
**********************************************************************
Node_3 Leaf_3
[[0.96051704 0.00316457 0.01288955 0.02342884]
 [0.00987481 0.94676863 0.0237176  0.01963896]
 [0.01478505 0.0073287  0.9178393  0.06004694]
 [0.03396482 0.10669609 0.05664521 0.80269387]]
**********************************************************************
Node_3 Leaf_4
[[0.87879417 0.00435775 0.08241621 0.03443187]
 [0.00801939 0.96057166 0.00622505 0.02518391]
 [0.05425829 0.01642141 0.8941386  0.0351817 ]
 [0.02153204 0.03374098 0.04082194 0.90390504]]
**********************************************************************
Node_4 Node_5
[[0.93045652 0.01821951 0.040648   0.01067597]
 [0.01456008 0.94399949 0.01089618 0.03054425]
 [0.10073338 0.04599118 0.83124621 0.02202923]
 [0.01910265 0.01841032 0.04449339 0.91799364]]
**********************************************************************
Node_4 Node_6
[[0.96427252 0.01702948 0.00309851 0.01559949]
 [0.05678541 0.9196746  0.01422707 0.00931291]
 [0.02866268 0.01677906 0.93565936 0.0188989 ]
 [0.03773498 0.05277604 0.10547812 0.80401086]]
**********************************************************************
Node_5 Leaf_5
[[0.95394779 0.01506951 0.01146106 0.01952164]
 [0.00163339 0.88263576 0.09934132 0.01638952]
 [0.06101505 0.01648315 0.90356931 0.01893249]
 [0.03098965 0.03895506 0.03890199 0.8911533 ]]
**********************************************************************
Node_5 Leaf_6
[[0.8682175  0.03181381 0.0011007  0.09886799]
 [0.14019788 0.85457279 0.00207577 0.00315357]
 [0.02810532 0.00641417 0.94695444 0.01852608]
 [0.01370897 0.01647728 0.01213811 0.95767564]]
**********************************************************************
Node_6 Leaf_7
[[0.88404106 0.09802074 0.00840396 0.00953424]
 [0.0286999  0.95719491 0.00288386 0.01122133]
 [0.02030756 0.01012725 0.87278492 0.09678027]
 [0.02714709 0.00765601 0.04860756 0.91658934]]
**********************************************************************
Node_6 Leaf_8
[[0.96698231 0.01006516 0.00403616 0.01891637]
 [0.04889598 0.90949537 0.02156183 0.02004683]
 [0.06863357 0.00298066 0.88601892 0.04236686]
 [0.02291208 0.04246908 0.08017517 0.85444367]]
**********************************************************************
Node_7 Node_8
[[0.92716611 0.00778231 0.04831082 0.01674077]
 [0.01688088 0.90689829 0.02799056 0.04823027]
 [0.02286102 0.03746756 0.9197527  0.01991873]
 [0.06365724 0.04704757 0.0121927  0.87710249]]
**********************************************************************
Node_7 Node_11
[[0.95111402 0.03604249 0.00610117 0.00674233]
 [0.0646438  0.9139515  0.01721416 0.00419055]
 [0.02241302 0.02715597 0.93644787 0.01398314]
 [0.12648586 0.01788494 0.05254696 0.80308224]]
**********************************************************************
Node_8 Node_9
[[0.9068004  0.047494   0.01627094 0.02943466]
 [0.09152808 0.87628754 0.01937356 0.01281082]
 [0.05943209 0.0187493  0.90850261 0.01331599]
 [0.02970867 0.00502984 0.03277156 0.93248994]]
**********************************************************************
Node_8 Node_10
[[0.91886858 0.05050168 0.01133717 0.01929256]
 [0.03226569 0.87400452 0.02526792 0.06846187]
 [0.00773201 0.02831395 0.95031081 0.01364323]
 [0.05342864 0.01754342 0.03873249 0.89029544]]
**********************************************************************
Node_9 Leaf_9
[[0.9364149  0.01769765 0.01305206 0.03283538]
 [0.03494322 0.90986135 0.00360494 0.0515905 ]
 [0.03013769 0.02750454 0.92071035 0.02164741]
 [0.03550025 0.04157005 0.06266668 0.86026302]]
**********************************************************************
Node_9 Leaf_10
[[0.91123175 0.01365892 0.03874963 0.03635971]
 [0.01528398 0.96033917 0.00367832 0.02069854]
 [0.04903922 0.00460381 0.91397924 0.03237772]
 [0.03122092 0.07918518 0.04469171 0.84490219]]
**********************************************************************
Node_10 Leaf_11
[[0.90384539 0.05763935 0.01506148 0.02345378]
 [0.04835591 0.89206753 0.0367966  0.02277996]
 [0.02591082 0.00625543 0.93773099 0.03010276]
 [0.02923045 0.02116834 0.0522124  0.89738881]]
**********************************************************************
Node_10 Leaf_12
[[0.86161388 0.03259253 0.07483384 0.03095975]
 [0.0291998  0.91702174 0.04627922 0.00749925]
 [0.02618963 0.02603861 0.90994866 0.0378231 ]
 [0.01349176 0.03047949 0.00523863 0.95079012]]
**********************************************************************
Node_11 Node_12
[[0.96274173 0.01151327 0.0129539  0.0127911 ]
 [0.01654614 0.93514666 0.02536477 0.02294243]
 [0.04334575 0.0421867  0.85917875 0.0552888 ]
 [0.1246456  0.02264741 0.00520809 0.84749889]]
**********************************************************************
Node_11 Node_13
[[0.88048662 0.11056065 0.00684187 0.00211087]
 [0.01261429 0.93284335 0.02003311 0.03450925]
 [0.05383331 0.01885049 0.86390266 0.06341354]
 [0.01879047 0.00956097 0.0193157  0.95233286]]
**********************************************************************
Node_12 Leaf_13
[[0.93098997 0.02697724 0.00542929 0.0366035 ]
 [0.03514674 0.92409017 0.02025146 0.02051164]
 [0.01122393 0.06117242 0.87313348 0.05447016]
 [0.00953739 0.06642605 0.02302037 0.90101619]]
**********************************************************************
Node_12 Leaf_14
[[0.93617902 0.00865311 0.04709275 0.00807512]
 [0.01530564 0.91274965 0.0230525  0.04889221]
 [0.01414589 0.01576939 0.95501176 0.01507296]
 [0.06150257 0.02333734 0.07986541 0.83529467]]
**********************************************************************
Node_13 Leaf_15
[[0.90395278 0.01772414 0.0142105  0.06411259]
 [0.02343487 0.9288791  0.02946116 0.01822487]
 [0.03055968 0.01656848 0.91881528 0.03405656]
 [0.03993031 0.04916148 0.02536524 0.88554297]]
**********************************************************************
Node_13 Leaf_16
[[0.93104699 0.00427756 0.04890364 0.01577181]
 [0.02704237 0.90205546 0.04570766 0.02519452]
 [0.02009663 0.0471803  0.90525557 0.02746751]
 [0.04502503 0.02965754 0.02548206 0.89983538]]
**********************************************************************
