(((Leaf_1:0.50,Leaf_2:0.50)Node_2:0.50,(Leaf_3:0.50,Leaf_4:0.50)Node_3:0.50)Node_1:0.50,(Leaf_5:0.50,Leaf_6:0.50)Node_4:0.50,(Leaf_7:0.50,Leaf_8:0.50)Node_5:0.50)Root:0.00;

Root Node_1
[[0.71659315 0.023906   0.04374838 0.21575247]
 [0.05031832 0.73868126 0.09671695 0.11428346]
 [0.08959462 0.16125025 0.63161871 0.11753641]
 [0.27610335 0.09039761 0.10483638 0.52866266]]
**********************************************************************
Root Node_4
[[0.53450509 0.0490008  0.06173107 0.35476304]
 [0.09372493 0.74736766 0.10518493 0.05372248]
 [0.01966868 0.15287024 0.77195468 0.0555064 ]
 [0.13321846 0.14859187 0.17099468 0.54719499]]
**********************************************************************
Root Node_5
[[0.64321847 0.20069906 0.08507945 0.07100302]
 [0.15180992 0.74118565 0.05266234 0.05434209]
 [0.05440262 0.07485585 0.81013526 0.06060626]
 [0.17020254 0.31785719 0.13217089 0.37976938]]
**********************************************************************
Node_1 Node_2
[[0.54549166 0.2974736  0.06761557 0.08941916]
 [0.14337226 0.49733883 0.26017493 0.09911399]
 [0.08873848 0.02296796 0.74444502 0.14384854]
 [0.07975398 0.04097044 0.0647583  0.81451727]]
**********************************************************************
Node_1 Node_3
[[0.43629344 0.20071171 0.11671995 0.2462749 ]
 [0.01616626 0.7839341  0.12774236 0.07215728]
 [0.12520883 0.11383735 0.57228761 0.18866621]
 [0.03145453 0.19708709 0.03685916 0.73459921]]
**********************************************************************
Node_2 Leaf_1
[[0.67820217 0.04862578 0.16553512 0.10763693]
 [0.05194783 0.8534725  0.03313248 0.0614472 ]
 [0.10959042 0.2869601  0.58140299 0.02204649]
 [0.18753436 0.28032964 0.0875449  0.4445911 ]]
**********************************************************************
Node_2 Leaf_2
[[0.66049653 0.10900204 0.10957944 0.12092199]
 [0.116448   0.7689561  0.06780979 0.04678611]
 [0.09324645 0.07165699 0.63010711 0.20498946]
 [0.08140383 0.03916768 0.32482048 0.55460801]]
**********************************************************************
Node_3 Leaf_3
[[0.69781774 0.08227585 0.18733325 0.03257315]
 [0.14721399 0.74363293 0.07740506 0.03174802]
 [0.06643776 0.09997607 0.59590426 0.23768191]
 [0.17286837 0.20591357 0.10371912 0.51749894]]
**********************************************************************
Node_3 Leaf_4
[[0.51293823 0.09347539 0.34239008 0.0511963 ]
 [0.13769863 0.48457309 0.18717775 0.19055053]
 [0.09134475 0.02821575 0.84899875 0.03144074]
 [0.09391553 0.03365309 0.12034247 0.75208892]]
**********************************************************************
Node_4 Leaf_5
[[0.61178656 0.04137747 0.0109829  0.33585307]
 [0.26355155 0.51991491 0.18068935 0.03584419]
 [0.11113746 0.11384037 0.69155014 0.08347202]
 [0.11190993 0.08909893 0.06761997 0.73137117]]
**********************************************************************
Node_4 Leaf_6
[[0.48089288 0.22028301 0.13277541 0.1660487 ]
 [0.1610797  0.71700858 0.08238188 0.03952984]
 [0.11044546 0.05598966 0.7681138  0.06545108]
 [0.06261437 0.14056872 0.19452608 0.60229083]]
**********************************************************************
Node_5 Leaf_7
[[0.8451344  0.11420079 0.03135388 0.00931093]
 [0.33321623 0.48829888 0.11268625 0.06579865]
 [0.09574791 0.11988148 0.67216298 0.11220763]
 [0.07754284 0.11907971 0.20219116 0.60118629]]
**********************************************************************
Node_5 Leaf_8
[[0.88050248 0.01318211 0.01460843 0.09170699]
 [0.02839171 0.46917684 0.20121337 0.30121808]
 [0.19782721 0.15241793 0.59877827 0.05097659]
 [0.04776594 0.1315336  0.04266685 0.77803361]]
**********************************************************************
