(((Leaf_1:0.10,Leaf_2:0.10)Node_2:0.10,(Leaf_3:0.10,Leaf_4:0.10)Node_3:0.10)Node_1:0.10,(Leaf_5:0.10,Leaf_6:0.10)Node_4:0.10,(Leaf_7:0.10,Leaf_8:0.10)Node_5:0.10)Root:0.00;

Root Node_1
[[0.91397492 0.01271243 0.03429334 0.03901931]
 [0.02156213 0.88486653 0.03231049 0.06126086]
 [0.01394147 0.02425164 0.92686941 0.03493747]
 [0.04936453 0.03508017 0.01434436 0.90121095]]
**********************************************************************
Root Node_4
[[0.91811093 0.01182412 0.03255298 0.03751197]
 [0.0190485  0.90011063 0.01339857 0.06744231]
 [0.02331688 0.02082087 0.91466492 0.04119733]
 [0.02375367 0.04803886 0.03346132 0.89474614]]
**********************************************************************
Root Node_5
[[0.9464618  0.0079322  0.01874262 0.02686337]
 [0.00778417 0.93264608 0.02852308 0.03104667]
 [0.06686091 0.06895233 0.83213658 0.03205017]
 [0.04678682 0.02125765 0.02072532 0.91123022]]
**********************************************************************
Node_1 Node_2
[[0.9575136  0.02295293 0.01039793 0.00913554]
 [0.0199001  0.86224413 0.00610409 0.11175168]
 [0.03047479 0.08045424 0.87947447 0.0095965 ]
 [0.03034368 0.03214434 0.01456388 0.92294811]]
**********************************************************************
Node_1 Node_3
[[0.89356807 0.00776827 0.05747065 0.04119301]
 [0.01420596 0.90572214 0.02754089 0.05253101]
 [0.04031158 0.01512704 0.92239222 0.02216916]
 [0.04385491 0.01901598 0.03299913 0.90412998]]
**********************************************************************
Node_2 Leaf_1
[[0.90503009 0.02474873 0.06190534 0.00831584]
 [0.0455453  0.93854785 0.01023143 0.00567542]
 [0.04882867 0.0289749  0.88182363 0.0403728 ]
 [0.00925839 0.06184948 0.02591002 0.90298211]]
**********************************************************************
Node_2 Leaf_2
[[0.85198515 0.01103354 0.08459186 0.05238946]
 [0.03635855 0.9371849  0.01637983 0.01007672]
 [0.06953994 0.01036997 0.90776399 0.0123261 ]
 [0.02897443 0.00459085 0.02855317 0.93788155]]
**********************************************************************
Node_3 Leaf_3
[[0.93900546 0.03032935 0.02032255 0.01034264]
 [0.04633523 0.91380232 0.00389274 0.03596971]
 [0.04499279 0.03019104 0.88828265 0.03653352]
 [0.04406712 0.04432993 0.028433   0.88316995]]
**********************************************************************
Node_3 Leaf_4
[[0.89531221 0.00311808 0.05121805 0.05035166]
 [0.01948399 0.9555269  0.01236957 0.01261954]
 [0.09870536 0.02349892 0.83643155 0.04136417]
 [0.00787983 0.00467792 0.04432098 0.94312126]]
**********************************************************************
Node_4 Leaf_5
[[0.83392475 0.13886996 0.01873426 0.00847102]
 [0.019077   0.90334589 0.05671375 0.02086336]
 [0.01885677 0.0295347  0.93181051 0.01979802]
 [0.01427034 0.0122999  0.01343372 0.95999605]]
**********************************************************************
Node_4 Leaf_6
[[0.94424638 0.0087607  0.02335822 0.0236347 ]
 [0.0234802  0.8982594  0.04949471 0.0287657 ]
 [0.02957134 0.02106501 0.90943133 0.03993232]
 [0.03765679 0.05471838 0.0331801  0.87444474]]
**********************************************************************
Node_5 Leaf_7
[[0.86985129 0.0044454  0.08069904 0.04500427]
 [0.06363659 0.86561617 0.02595459 0.04479264]
 [0.01670278 0.02574878 0.94374995 0.01379849]
 [0.01583172 0.02539719 0.00443588 0.9543352 ]]
**********************************************************************
Node_5 Leaf_8
[[0.94210461 0.02668914 0.02344106 0.00776519]
 [0.01979675 0.87748987 0.08426696 0.01844642]
 [0.05001172 0.05747388 0.87137891 0.02113549]
 [0.0078925  0.03853989 0.01313158 0.94043603]]
**********************************************************************
