(Leaf_1:0.10,Leaf_2:0.10,(Leaf_3:0.10,Leaf_4:0.10)Node_1:0.10)Root:0.00;

Root Leaf_1
[[0.81453511 0.0768152  0.03010488 0.07854481]
 [0.00729836 0.92628636 0.03591932 0.03049596]
 [0.01731758 0.01888928 0.95490491 0.00888823]
 [0.01962788 0.01389678 0.04732074 0.9191546 ]]
**********************************************************************
Root Leaf_2
[[0.94052641 0.02111333 0.03301703 0.00534324]
 [0.0884335  0.87740201 0.01152113 0.02264336]
 [0.01973718 0.02051949 0.91367026 0.04607307]
 [0.03593767 0.02698915 0.03847358 0.8985996 ]]
**********************************************************************
Root Node_1
[[0.89237265 0.01495972 0.0050267  0.08764092]
 [0.03958772 0.86149057 0.00497397 0.09394775]
 [0.02281515 0.0049466  0.91396003 0.05827822]
 [0.01635513 0.01409895 0.01362644 0.95591949]]
**********************************************************************
Node_1 Leaf_3
[[0.8671436  0.04237615 0.01700291 0.07347735]
 [0.01653504 0.93875537 0.02735199 0.0173576 ]
 [0.00983384 0.01637843 0.93784594 0.03594179]
 [0.07067073 0.01769736 0.02432426 0.88730765]]
**********************************************************************
Node_1 Leaf_4
[[0.89397594 0.05703649 0.02667223 0.02231535]
 [0.02018479 0.90252672 0.00812481 0.06916368]
 [0.0319535  0.02036483 0.93231144 0.01537023]
 [0.04456697 0.01801182 0.03922351 0.8981977 ]]
**********************************************************************
