(((Leaf_1:0.10,Leaf_2:0.10)Node_2:0.10,(Leaf_3:0.10,Leaf_4:0.10)Node_3:0.10)Node_1:0.10,((Leaf_5:0.10,Leaf_6:0.10)Node_5:0.10,(Leaf_7:0.10,Leaf_8:0.10)Node_6:0.10)Node_4:0.10,(((Leaf_9:0.10,Leaf_10:0.10)Node_9:0.10,(Leaf_11:0.10,Leaf_12:0.10)Node_10:0.10)Node_8:0.10,((Leaf_13:0.10,Leaf_14:0.10)Node_12:0.10,(Leaf_15:0.10,Leaf_16:0.10)Node_13:0.10)Node_11:0.10)Node_7:0.10)Root:0.00;

Root Node_1
[[0.91872643 0.02800089 0.02227969 0.030993  ]
 [0.06257237 0.88789081 0.04417911 0.0053577 ]
 [0.05062623 0.04788208 0.88913442 0.01235726]
 [0.03700096 0.01783876 0.01213418 0.9330261 ]]
**********************************************************************
Root Node_4
[[0.87248275 0.04378476 0.03156578 0.05216671]
 [0.00663111 0.88326591 0.0713748  0.03872819]
 [0.02519244 0.01638185 0.93865196 0.01977375]
 [0.00551276 0.03724292 0.03251527 0.92472905]]
**********************************************************************
Root Node_7
[[0.92489796 0.02020021 0.03646598 0.01843584]
 [0.02753585 0.93364794 0.02514028 0.01367593]
 [0.01836805 0.01483679 0.92401994 0.04277522]
 [0.02988585 0.09752953 0.02223649 0.85034813]]
**********************************************************************
Node_1 Node_2
[[0.95645247 0.01150563 0.01699551 0.01504639]
 [0.00217613 0.91993803 0.00610327 0.07178257]
 [0.0166886  0.04632531 0.85977221 0.07721388]
 [0.0478914  0.03453085 0.0276207  0.88995705]]
**********************************************************************
Node_1 Node_3
[[0.91381448 0.01763626 0.01522135 0.05332791]
 [0.10954523 0.85552212 0.01982366 0.01510899]
 [0.03131964 0.01890714 0.90024151 0.04953171]
 [0.0081413  0.02555522 0.01900494 0.94729854]]
**********************************************************************
Node_2 Leaf_1
[[0.90124784 0.02236943 0.04534702 0.0310357 ]
 [0.03901176 0.91021644 0.03483473 0.01593706]
 [0.05107766 0.02229401 0.87636745 0.05026088]
 [0.03387697 0.00757293 0.02281183 0.93573826]]
**********************************************************************
Node_2 Leaf_2
[[0.89945785 0.05412817 0.00333241 0.04308157]
 [0.02399396 0.86715768 0.021332   0.08751636]
 [0.01001078 0.01067315 0.95927845 0.02003762]
 [0.00357981 0.06145872 0.03040415 0.90455732]]
**********************************************************************
Node_3 Leaf_3
[[0.95081446 0.01349072 0.03148433 0.0042105 ]
 [0.0035857  0.95237947 0.03360212 0.01043271]
 [0.10617814 0.00757233 0.86974403 0.01650551]
 [0.0255752  0.05273428 0.0603941  0.86129642]]
**********************************************************************
Node_3 Leaf_4
[[0.90628557 0.02995282 0.03775712 0.02600449]
 [0.04187534 0.90033204 0.01027651 0.04751611]
 [0.00581601 0.00385362 0.93614849 0.05418188]
 [0.0417177  0.05067516 0.02105108 0.88655606]]
**********************************************************************
Node_4 Node_5
[[0.85973576 0.01786227 0.06379826 0.05860371]
 [0.01133902 0.92952574 0.02931198 0.02982325]
 [0.0286732  0.05951981 0.8824516  0.02935539]
 [0.01705363 0.00995024 0.02232326 0.95067288]]
**********************************************************************
Node_4 Node_6
[[0.88176276 0.02906319 0.04377617 0.04539788]
 [0.04540311 0.92373279 0.02811027 0.00275383]
 [0.0331884  0.0208866  0.92031742 0.02560759]
 [0.04190831 0.031651   0.02175357 0.90468712]]
**********************************************************************
Node_5 Leaf_5
[[0.92534885 0.03831531 0.01400654 0.02232929]
 [0.03316668 0.8558836  0.04222661 0.06872312]
 [0.01643399 0.01748511 0.95131124 0.01476967]
 [0.04806845 0.00929446 0.04905073 0.89358636]]
**********************************************************************
Node_5 Leaf_6
[[0.90414196 0.02915385 0.01915704 0.04754715]
 [0.01831735 0.90065366 0.0242087  0.0568203 ]
 [0.00613635 0.03989177 0.94567972 0.00829216]
 [0.0229689  0.02919998 0.07459939 0.87323173]]
**********************************************************************
Node_6 Leaf_7
[[0.89874584 0.01795885 0.02827223 0.05502308]
 [0.00885627 0.97894115 0.00982933 0.00237326]
 [0.03014175 0.011895   0.8620017  0.09596155]
 [0.01961301 0.03698758 0.05119769 0.89220172]]
**********************************************************************
Node_6 Leaf_8
[[0.90163517 0.04234901 0.03080989 0.02520594]
 [0.11723976 0.83248011 0.02750841 0.02277172]
 [0.01224048 0.01122951 0.93409727 0.04243274]
 [0.01248387 0.01405946 0.01615357 0.95730309]]
**********************************************************************
Node_7 Node_8
[[0.89108808 0.00234617 0.05719458 0.04937117]
 [0.00275865 0.90463533 0.04305689 0.04954913]
 [0.02976013 0.02592081 0.91283363 0.03148544]
 [0.02744145 0.02637747 0.03223548 0.9139456 ]]
**********************************************************************
Node_7 Node_11
[[0.89305832 0.0465876  0.04430871 0.01604537]
 [0.0213376  0.84458235 0.0710441  0.06303594]
 [0.0094069  0.0190935  0.92939107 0.04210852]
 [0.00339728 0.03500556 0.00677537 0.95482179]]
**********************************************************************
Node_8 Node_9
[[0.89636654 0.03005217 0.00406305 0.06951825]
 [0.0447893  0.86908945 0.07198166 0.01413958]
 [0.00455619 0.02527882 0.94827929 0.0218857 ]
 [0.03009778 0.03401598 0.02561851 0.91026772]]
**********************************************************************
Node_8 Node_10
[[0.91093662 0.01557822 0.02277136 0.0507138 ]
 [0.01826649 0.93493476 0.01386769 0.03293106]
 [0.03376148 0.04270267 0.8962766  0.02725925]
 [0.04291079 0.02944182 0.0406585  0.88698889]]
**********************************************************************
Node_9 Leaf_9
[[0.88838162 0.0588346  0.01595328 0.0368305 ]
 [0.00597797 0.96514134 0.01676975 0.01211094]
 [0.04080416 0.03288616 0.87815841 0.04815126]
 [0.02403814 0.03993631 0.03683334 0.89919221]]
**********************************************************************
Node_9 Leaf_10
[[0.92664053 0.01526744 0.02352222 0.03456981]
 [0.00559334 0.92319342 0.015357   0.05585624]
 [0.01078374 0.04111981 0.88164789 0.06644856]
 [0.04069409 0.04001224 0.02214574 0.89714793]]
**********************************************************************
Node_10 Leaf_11
[[0.88544524 0.05709999 0.04406902 0.01338575]
 [0.01085623 0.91752011 0.0251977  0.04642596]
 [0.02043901 0.03619299 0.90297193 0.04039607]
 [0.01500002 0.03316257 0.03491687 0.91692054]]
**********************************************************************
Node_10 Leaf_12
[[0.89270509 0.02599689 0.0223771  0.05892093]
 [0.02495839 0.94461098 0.01352386 0.01690677]
 [0.02899671 0.08649149 0.83625593 0.04825586]
 [0.00732161 0.01909296 0.02308211 0.95050332]]
**********************************************************************
Node_11 Node_12
[[0.94399672 0.0125718  0.03119217 0.01223931]
 [0.04981512 0.88150225 0.03115083 0.03753179]
 [0.00993753 0.05845277 0.89033734 0.04127237]
 [0.03637737 0.03556852 0.01417829 0.91387583]]
**********************************************************************
Node_11 Node_13
[[0.93234143 0.0170159  0.03191982 0.01872286]
 [0.04816383 0.90038541 0.01554768 0.03590308]
 [0.01919647 0.07753279 0.87058334 0.03268739]
 [0.01844369 0.01670603 0.03906092 0.92578936]]
**********************************************************************
Node_12 Leaf_13
[[0.8448238  0.02939074 0.04477087 0.08101459]
 [0.04235597 0.91243265 0.02564028 0.01957111]
 [0.0081488  0.01016303 0.97281641 0.00887177]
 [0.02774188 0.02312386 0.05669801 0.89243625]]
**********************************************************************
Node_12 Leaf_14
[[0.95480007 0.00907719 0.03141116 0.00471158]
 [0.02773712 0.80575737 0.0279308  0.13857471]
 [0.00393297 0.06115496 0.92644312 0.00846895]
 [0.00309118 0.0404228  0.01473231 0.94175371]]
**********************************************************************
Node_13 Leaf_15
[[0.92319288 0.01522982 0.00382033 0.05775697]
 [0.06217305 0.85475317 0.01817437 0.06489941]
 [0.00349171 0.01615712 0.96880817 0.011543  ]
 [0.0812845  0.0299685  0.00499154 0.88375546]]
**********************************************************************
Node_13 Leaf_16
[[0.89047221 0.00889572 0.03077966 0.06985242]
 [0.04247272 0.9528062  0.00339545 0.00132563]
 [0.01774678 0.04193732 0.91440736 0.02590854]
 [0.01207354 0.08326814 0.03692525 0.86773306]]
**********************************************************************
