(Leaf_1:0.50,Leaf_2:0.50,(Leaf_3:0.50,Leaf_4:0.50)Node_1:0.50)Root:0.00;

Root Leaf_1
[[0.78562923 0.05044778 0.03669817 0.12722482]
 [0.02563658 0.69270488 0.22501826 0.05664028]
 [0.05138455 0.24820863 0.5414075  0.15899931]
 [0.02107737 0.31088968 0.11309432 0.55493863]]
**********************************************************************
Root Leaf_2
[[0.58928933 0.23659112 0.03610313 0.13801643]
 [0.12480511 0.67010412 0.18152846 0.02356231]
 [0.06897686 0.07343848 0.83855824 0.01902642]
 [0.32791472 0.05834481 0.09152158 0.52221889]]
**********************************************************************
Root Node_1
[[0.55303931 0.10613297 0.04186102 0.29896669]
 [0.1194076  0.57169953 0.25518643 0.05370644]
 [0.09605697 0.07620023 0.80005448 0.02768832]
 [0.06867019 0.21095879 0.11635208 0.60401894]]
**********************************************************************
Node_1 Leaf_3
[[0.49685333 0.30277896 0.14054399 0.05982372]
 [0.00992696 0.84762779 0.09473623 0.04770903]
 [0.21201045 0.15612679 0.54609472 0.08576804]
 [0.02091523 0.10820326 0.19727063 0.67361088]]
**********************************************************************
Node_1 Leaf_4
[[0.55073756 0.17620169 0.16316875 0.109892  ]
 [0.13237621 0.594203   0.23878156 0.03463924]
 [0.05213662 0.13290256 0.64397008 0.17099074]
 [0.11165145 0.05188908 0.05618647 0.78027299]]
**********************************************************************
