(((Leaf_1:0.10,Leaf_2:0.10)Node_2:0.10,(Leaf_3:0.10,Leaf_4:0.10)Node_3:0.10)Node_1:0.10,(Leaf_5:0.10,Leaf_6:0.10)Node_4:0.10,(Leaf_7:0.10,Leaf_8:0.10)Node_5:0.10)Root:0.00;

Root Node_1
[[0.91398615 0.02679377 0.00401351 0.05520657]
 [0.04228126 0.87309811 0.01144658 0.07317405]
 [0.06831602 0.03677716 0.84246245 0.05244438]
 [0.0021696  0.00781861 0.0091996  0.98081219]]
**********************************************************************
Root Node_4
[[0.92573821 0.01430136 0.05641222 0.0035482 ]
 [0.01322263 0.90564031 0.0379544  0.04318266]
 [0.02201458 0.00221599 0.94986385 0.02590558]
 [0.01639444 0.12677019 0.00618988 0.85064549]]
**********************************************************************
Root Node_5
[[0.89219263 0.0160592  0.02566453 0.06608363]
 [0.03068807 0.9200135  0.01432993 0.0349685 ]
 [0.03186721 0.02947086 0.89049126 0.04817067]
 [0.014671   0.023668   0.04137694 0.92028406]]
**********************************************************************
Node_1 Node_2
[[0.89612377 0.0428442  0.01464534 0.04638669]
 [0.02705586 0.91733727 0.0343989  0.02120797]
 [0.02469463 0.05278914 0.91879675 0.00371948]
 [0.05981247 0.02900956 0.0122202  0.89895777]]
**********************************************************************
Node_1 Node_3
[[0.94651856 0.02106825 0.01507567 0.01733753]
 [0.05054754 0.92247158 0.01473295 0.01224793]
 [0.04644937 0.00807873 0.93775249 0.00771941]
 [0.07784049 0.0907669  0.00442375 0.82696885]]
**********************************************************************
Node_2 Leaf_1
[[0.84110436 0.01804579 0.03539503 0.10545482]
 [0.02313089 0.93332148 0.03331328 0.01023436]
 [0.02579023 0.00208919 0.96454632 0.00757426]
 [0.01181202 0.08916304 0.00787989 0.89114505]]
**********************************************************************
Node_2 Leaf_2
[[0.93362669 0.03172484 0.00742639 0.02722208]
 [0.01173761 0.94363323 0.02484027 0.0197889 ]
 [0.0182237  0.02746857 0.85496679 0.09934093]
 [0.07380771 0.00979395 0.02682987 0.88956847]]
**********************************************************************
Node_3 Leaf_3
[[0.83706703 0.12271744 0.0160638  0.02415173]
 [0.00173332 0.94396195 0.02321789 0.03108684]
 [0.03311993 0.01359615 0.91936774 0.03391619]
 [0.03057333 0.03205585 0.01671026 0.92066057]]
**********************************************************************
Node_3 Leaf_4
[[0.93143725 0.03719091 0.01851202 0.01285981]
 [0.01118209 0.95216328 0.02479761 0.01185702]
 [0.04790713 0.03498276 0.86921257 0.04789754]
 [0.06804357 0.04593329 0.02105743 0.86496571]]
**********************************************************************
Node_4 Leaf_5
[[0.93724151 0.02762655 0.02442483 0.01070711]
 [0.01612257 0.92473486 0.01416113 0.04498143]
 [0.02203314 0.0582035  0.90479098 0.01497238]
 [0.08006098 0.03899052 0.02443156 0.85651694]]
**********************************************************************
Node_4 Leaf_6
[[0.88428722 0.0363067  0.03544776 0.04395832]
 [0.02457279 0.88409397 0.04756791 0.04376533]
 [0.03641365 0.04230984 0.90953265 0.01174387]
 [0.0157631  0.02593433 0.00732545 0.95097712]]
**********************************************************************
Node_5 Leaf_7
[[0.91873114 0.05663412 0.00158364 0.0230511 ]
 [0.05479267 0.88022796 0.0181728  0.04680657]
 [0.01123436 0.0306155  0.83753337 0.12061677]
 [0.01015449 0.01328041 0.00504978 0.97151533]]
**********************************************************************
Node_5 Leaf_8
[[0.94309508 0.00765925 0.04017451 0.00907117]
 [0.01607525 0.86178594 0.03300031 0.0891385 ]
 [0.06631185 0.02304274 0.89182515 0.01882026]
 [0.02271848 0.02042251 0.02351079 0.93334821]]
**********************************************************************
