(Leaf_1:0.10,Leaf_2:0.10,(Leaf_3:0.10,Leaf_4:0.10)Node_1:0.10)Root:0.00;

Root Leaf_1
[[0.89336672 0.04660858 0.03053258 0.02949213]
 [0.04335839 0.91049329 0.01359926 0.03254905]
 [0.03153059 0.02236728 0.93101282 0.0150893 ]
 [0.06887685 0.01781541 0.02231775 0.89099   ]]
**********************************************************************
Root Leaf_2
[[0.84885464 0.07121764 0.03553282 0.0443949 ]
 [0.02811158 0.91532182 0.03927388 0.01729272]
 [0.02486909 0.01436079 0.9301123  0.03065782]
 [0.02122088 0.01319978 0.03285954 0.9327198 ]]
**********************************************************************
Root Node_1
[[0.89082999 0.05582329 0.03735661 0.01599011]
 [0.01140114 0.90221749 0.05425051 0.03213086]
 [0.02503276 0.02868071 0.92015891 0.02612762]
 [0.02382012 0.05458002 0.01003531 0.91156455]]
**********************************************************************
Node_1 Leaf_3
[[0.91474799 0.02979558 0.04766102 0.0077954 ]
 [0.11840895 0.83775624 0.01415452 0.02968029]
 [0.02772327 0.01183065 0.92226321 0.03818287]
 [0.00863588 0.03202652 0.00272361 0.95661399]]
**********************************************************************
Node_1 Leaf_4
[[0.87608798 0.09203696 0.02088459 0.01099047]
 [0.02638283 0.92896029 0.0359773  0.00867958]
 [0.02004102 0.05030804 0.92039698 0.00925396]
 [0.0257476  0.01972275 0.06269542 0.89183423]]
**********************************************************************
