(Leaf_1:0.50,Leaf_2:0.50,(Leaf_3:0.50,Leaf_4:0.50)Node_1:0.50)Root:0.00;

Root Leaf_1
[[0.55216479 0.14581613 0.02168311 0.28033597]
 [0.11995015 0.73286625 0.06599864 0.08118496]
 [0.17571993 0.07192472 0.62317147 0.12918388]
 [0.24675726 0.03970626 0.02158068 0.69195579]]
**********************************************************************
Root Leaf_2
[[0.70814373 0.16888472 0.04991317 0.07305838]
 [0.0368379  0.61968776 0.11309385 0.23038048]
 [0.07326236 0.22237456 0.54381095 0.16055213]
 [0.06887864 0.17434867 0.07541045 0.68136224]]
**********************************************************************
Root Node_1
[[0.49867766 0.07794704 0.15117421 0.27220109]
 [0.20082027 0.56628087 0.17785721 0.05504166]
 [0.01794275 0.15531646 0.79616838 0.03057241]
 [0.01784167 0.23951177 0.11564511 0.62700146]]
**********************************************************************
Node_1 Leaf_3
[[0.64560873 0.15454841 0.12857184 0.07127102]
 [0.08117329 0.59522975 0.26155712 0.06203983]
 [0.1190472  0.08336021 0.70547045 0.09212214]
 [0.18002785 0.15093703 0.08095772 0.5880774 ]]
**********************************************************************
Node_1 Leaf_4
[[0.54180725 0.05353091 0.18441539 0.22024646]
 [0.12279493 0.61300873 0.19002166 0.07417468]
 [0.03455723 0.10459232 0.80109448 0.05975597]
 [0.16524217 0.0913269  0.1409174  0.60251353]]
**********************************************************************
