(Leaf_1:0.50,Leaf_2:0.50,(Leaf_3:0.50,Leaf_4:0.50)Node_1:0.50)Root:0.00;

Root Leaf_1
[[0.61873174 0.06254408 0.22941428 0.08930991]
 [0.17574941 0.68834201 0.05294759 0.082961  ]
 [0.16481608 0.07773966 0.73339617 0.02404809]
 [0.29980473 0.13705419 0.04764923 0.51549185]]
**********************************************************************
Root Leaf_2
[[0.52766763 0.23438119 0.10200069 0.13595049]
 [0.03111929 0.67923243 0.18619187 0.10345641]
 [0.05569265 0.12992716 0.75639816 0.05798203]
 [0.19779448 0.06608507 0.16345575 0.5726647 ]]
**********************************************************************
Root Node_1
[[0.78288861 0.08026507 0.11362807 0.02321825]
 [0.32009206 0.5678096  0.07736696 0.03473139]
 [0.21799879 0.1162663  0.50374049 0.16199442]
 [0.28944936 0.01633169 0.05421637 0.64000258]]
**********************************************************************
Node_1 Leaf_3
[[0.68936091 0.05821127 0.0843632  0.16806462]
 [0.17609799 0.61271457 0.10603295 0.10515449]
 [0.07967366 0.13898793 0.65988133 0.12145709]
 [0.16155081 0.10580057 0.12700912 0.6056395 ]]
**********************************************************************
Node_1 Leaf_4
[[0.50644269 0.06130624 0.0660566  0.36619448]
 [0.04382696 0.88295953 0.02328439 0.04992912]
 [0.15800009 0.20326557 0.52509304 0.1136413 ]
 [0.15611887 0.04444037 0.06593093 0.73350982]]
**********************************************************************
