(((Leaf_1:0.10,Leaf_2:0.10)Node_2:0.10,(Leaf_3:0.10,Leaf_4:0.10)Node_3:0.10)Node_1:0.10,((Leaf_5:0.10,Leaf_6:0.10)Node_5:0.10,(Leaf_7:0.10,Leaf_8:0.10)Node_6:0.10)Node_4:0.10,(((Leaf_9:0.10,Leaf_10:0.10)Node_9:0.10,(Leaf_11:0.10,Leaf_12:0.10)Node_10:0.10)Node_8:0.10,((Leaf_13:0.10,Leaf_14:0.10)Node_12:0.10,(Leaf_15:0.10,Leaf_16:0.10)Node_13:0.10)Node_11:0.10)Node_7:0.10)Root:0.00;

Root Node_1
[[0.95755357 0.02121705 0.01284558 0.0083838 ]
 [0.03823142 0.8751206  0.03966082 0.04698717]
 [0.01585649 0.0383748  0.89637675 0.04939196]
 [0.03400543 0.01028317 0.05417699 0.90153441]]
**********************************************************************
Root Node_4
[[0.96755482 0.00201708 0.00864012 0.02178798]
 [0.01482135 0.87296215 0.01151134 0.10070516]
 [0.03689096 0.1036421  0.85227522 0.00719172]
 [0.01036904 0.0217366  0.03739103 0.93050333]]
**********************************************************************
Root Node_7
[[0.93114388 0.03819831 0.00666478 0.02399302]
 [0.02971607 0.87280512 0.0397684  0.0577104 ]
 [0.06980347 0.02700742 0.88485055 0.01833856]
 [0.03354171 0.01375059 0.01672748 0.93598022]]
**********************************************************************
Node_1 Node_2
[[0.87459869 0.070959   0.03907664 0.01536567]
 [0.04721221 0.87925625 0.01790445 0.0556271 ]
 [0.02857678 0.01236652 0.95537125 0.00368545]
 [0.00332667 0.05284711 0.02175866 0.92206756]]
**********************************************************************
Node_1 Node_3
[[0.92264456 0.02997253 0.0175091  0.02987381]
 [0.03039229 0.83909668 0.05418815 0.07632288]
 [0.03846012 0.00604659 0.90284591 0.05264739]
 [0.03664612 0.00471982 0.01053449 0.94809957]]
**********************************************************************
Node_2 Leaf_1
[[0.90662685 0.04308514 0.03558099 0.01470702]
 [0.02331221 0.95131881 0.02103937 0.0043296 ]
 [0.03387389 0.05843249 0.89596052 0.01173311]
 [0.05848206 0.00665581 0.05577286 0.87908927]]
**********************************************************************
Node_2 Leaf_2
[[0.90234778 0.02552393 0.02477068 0.04735762]
 [0.07973368 0.88909037 0.01087749 0.02029846]
 [0.00624492 0.02336543 0.92078049 0.04960915]
 [0.04897083 0.00956307 0.02770345 0.91376265]]
**********************************************************************
Node_3 Leaf_3
[[0.91807351 0.02459238 0.01523742 0.0420967 ]
 [0.04572415 0.86290688 0.0592755  0.03209347]
 [0.01192713 0.0073015  0.95075271 0.03001866]
 [0.01147628 0.04566214 0.04678193 0.89607964]]
**********************************************************************
Node_3 Leaf_4
[[0.88115094 0.01751058 0.07564856 0.02568992]
 [0.01005602 0.92304397 0.00575403 0.06114598]
 [0.05732183 0.03228093 0.89037163 0.02002561]
 [0.01786    0.03886421 0.00789322 0.93538257]]
**********************************************************************
Node_4 Node_5
[[0.85506659 0.012858   0.00375778 0.12831763]
 [0.03837635 0.86390498 0.01429552 0.08342314]
 [0.00684794 0.02017414 0.95971881 0.0132591 ]
 [0.03432043 0.02754485 0.00365461 0.9344801 ]]
**********************************************************************
Node_4 Node_6
[[0.94796837 0.02478695 0.01663635 0.01060833]
 [0.04026573 0.92623801 0.00840579 0.02509047]
 [0.0095195  0.00855318 0.90579352 0.0761338 ]
 [0.02232561 0.10416587 0.02123664 0.85227188]]
**********************************************************************
Node_5 Leaf_5
[[0.90695664 0.00407468 0.06773557 0.02123311]
 [0.00374498 0.92663242 0.05973956 0.00988304]
 [0.04272748 0.01310728 0.91350617 0.03065907]
 [0.00982038 0.08079273 0.01777949 0.8916074 ]]
**********************************************************************
Node_5 Leaf_6
[[0.955967   0.00838742 0.01519853 0.02044706]
 [0.06266689 0.91682221 0.01005684 0.01045406]
 [0.01210201 0.07475581 0.84014729 0.0729949 ]
 [0.07549491 0.00240085 0.01056517 0.91153907]]
**********************************************************************
Node_6 Leaf_7
[[0.86368768 0.0095573  0.04858812 0.0781669 ]
 [0.00247585 0.93939607 0.05695845 0.00116964]
 [0.01881932 0.05742989 0.86724094 0.05650985]
 [0.00527206 0.03454079 0.0125422  0.94764496]]
**********************************************************************
Node_6 Leaf_8
[[8.52719872e-01 1.79589111e-02 2.80646709e-02 1.01256546e-01]
 [3.80689613e-02 9.35712311e-01 8.70665651e-03 1.75120714e-02]
 [6.42790399e-03 4.18321314e-02 9.29380860e-01 2.23591042e-02]
 [3.75751720e-02 5.88478882e-02 5.04565507e-04 9.03072374e-01]]
**********************************************************************
Node_7 Node_8
[[0.8910255  0.01167958 0.04794621 0.04934871]
 [0.03710957 0.90815036 0.03958106 0.01515901]
 [0.07414014 0.01659394 0.89583117 0.01343475]
 [0.01205814 0.03481167 0.02089048 0.93223972]]
**********************************************************************
Node_7 Node_11
[[0.95621491 0.00135323 0.00914498 0.03328688]
 [0.05329091 0.90779953 0.01554076 0.0233688 ]
 [0.01334661 0.02717601 0.93715782 0.02231957]
 [0.09784239 0.04712628 0.02042579 0.83460554]]
**********************************************************************
Node_8 Node_9
[[0.9647774  0.01374266 0.00435575 0.01712419]
 [0.03368102 0.93997197 0.01316593 0.01318108]
 [0.03714789 0.09818881 0.85388759 0.01077571]
 [0.08262646 0.01841905 0.02792897 0.87102552]]
**********************************************************************
Node_8 Node_10
[[0.95498561 0.0062567  0.00144311 0.03731457]
 [0.02226899 0.90805826 0.03046051 0.03921224]
 [0.02707259 0.02526232 0.86682891 0.08083618]
 [0.03926746 0.03458917 0.03230969 0.89383367]]
**********************************************************************
Node_9 Leaf_9
[[0.91369262 0.0224681  0.01772819 0.04611109]
 [0.02172855 0.9030796  0.01543094 0.05976091]
 [0.04897514 0.00976894 0.92169574 0.01956018]
 [0.06038377 0.04320943 0.01098977 0.88541703]]
**********************************************************************
Node_9 Leaf_10
[[0.89056027 0.08506824 0.01723554 0.00713595]
 [0.04121829 0.88369488 0.01496004 0.06012679]
 [0.02852316 0.03724179 0.90899273 0.02524232]
 [0.02341904 0.00873189 0.02555591 0.94229316]]
**********************************************************************
Node_10 Leaf_11
[[0.8864151  0.04138683 0.01754079 0.05465728]
 [0.05592747 0.91436486 0.02084399 0.00886368]
 [0.02620559 0.01080194 0.90341519 0.05957729]
 [0.03381613 0.01349647 0.03227186 0.92041554]]
**********************************************************************
Node_10 Leaf_12
[[0.87138352 0.01312569 0.04475361 0.07073718]
 [0.00287663 0.94240548 0.00245163 0.05226625]
 [0.05267364 0.00263992 0.94148634 0.00320009]
 [0.02418409 0.06634812 0.02907041 0.88039737]]
**********************************************************************
Node_11 Node_12
[[0.90589425 0.03267668 0.01289434 0.04853472]
 [0.0269019  0.90394047 0.02835606 0.04080158]
 [0.01637377 0.01585256 0.94619316 0.02158052]
 [0.04007397 0.06291518 0.02205248 0.87495836]]
**********************************************************************
Node_11 Node_13
[[0.95209825 0.03855859 0.00268882 0.00665434]
 [0.00726513 0.93312853 0.01305    0.04655635]
 [0.08765772 0.00339176 0.88089586 0.02805466]
 [0.00971527 0.05462291 0.07357759 0.86208422]]
**********************************************************************
Node_12 Leaf_13
[[0.91111925 0.0536446  0.00861614 0.02662002]
 [0.02134791 0.88671544 0.06026198 0.03167467]
 [0.03581097 0.05809716 0.89976472 0.00632714]
 [0.00747746 0.02432539 0.03720265 0.9309945 ]]
**********************************************************************
Node_12 Leaf_14
[[0.87175051 0.06696876 0.01039043 0.0508903 ]
 [0.00861298 0.93647099 0.04155311 0.01336292]
 [0.02307627 0.0405788  0.88821049 0.04813444]
 [0.00694915 0.03198705 0.03224701 0.92881678]]
**********************************************************************
Node_13 Leaf_15
[[0.91691338 0.01716547 0.03091707 0.03500407]
 [0.04595388 0.89314372 0.0211071  0.03979529]
 [0.0185581  0.01659151 0.93800879 0.0268416 ]
 [0.06488775 0.00594681 0.05225457 0.87691086]]
**********************************************************************
Node_13 Leaf_16
[[0.91819019 0.05206842 0.00317459 0.0265668 ]
 [0.10017165 0.8621713  0.02244154 0.01521552]
 [0.00994388 0.02814157 0.93053133 0.03138322]
 [0.03992831 0.03776041 0.00903588 0.9132754 ]]
**********************************************************************
