(((Leaf_1:0.50,Leaf_2:0.50)Node_2:0.50,(Leaf_3:0.50,Leaf_4:0.50)Node_3:0.50)Node_1:0.50,((Leaf_5:0.50,Leaf_6:0.50)Node_5:0.50,(Leaf_7:0.50,Leaf_8:0.50)Node_6:0.50)Node_4:0.50,(((Leaf_9:0.50,Leaf_10:0.50)Node_9:0.50,(Leaf_11:0.50,Leaf_12:0.50)Node_10:0.50)Node_8:0.50,((Leaf_13:0.50,Leaf_14:0.50)Node_12:0.50,(Leaf_15:0.50,Leaf_16:0.50)Node_13:0.50)Node_11:0.50)Node_7:0.50)Root:0.00;

Root Node_1
[[0.81208499 0.07032166 0.07866091 0.03893244]
 [0.42091384 0.37029637 0.08711174 0.12167804]
 [0.0927371  0.0889696  0.80351045 0.01478285]
 [0.15725873 0.06446758 0.17823589 0.6000378 ]]
**********************************************************************
Root Node_4
[[0.50123409 0.05551525 0.18068214 0.26256852]
 [0.05511387 0.7529893  0.07069267 0.12120417]
 [0.0173871  0.10537115 0.78593659 0.09130517]
 [0.2791224  0.08108259 0.02556747 0.61422753]]
**********************************************************************
Root Node_7
[[0.44050655 0.0908663  0.01121097 0.45741618]
 [0.1039808  0.80395082 0.04358527 0.04848312]
 [0.39353297 0.09415844 0.4730013  0.03930729]
 [0.04304479 0.14738431 0.0556019  0.75396901]]
**********************************************************************
Node_1 Node_2
[[0.57045805 0.27269546 0.11468134 0.04216515]
 [0.16501014 0.72927893 0.08648517 0.01922576]
 [0.19747673 0.124567   0.62921996 0.0487363 ]
 [0.09043336 0.03561835 0.1899814  0.68396689]]
**********************************************************************
Node_1 Node_3
[[0.64936505 0.16000184 0.04323961 0.1473935 ]
 [0.10163399 0.68395603 0.11672089 0.09768909]
 [0.02971112 0.23472761 0.67603799 0.05952328]
 [0.08635175 0.27569417 0.04543298 0.5925211 ]]
**********************************************************************
Node_2 Leaf_1
[[0.78652786 0.0981558  0.08591196 0.02940438]
 [0.0767389  0.7977094  0.03490429 0.09064742]
 [0.19623032 0.06634086 0.67231859 0.06511022]
 [0.11640452 0.38792975 0.14418702 0.35147871]]
**********************************************************************
Node_2 Leaf_2
[[0.63651024 0.10534748 0.142476   0.11566628]
 [0.09284861 0.7396144  0.09600098 0.07153601]
 [0.16025113 0.03417176 0.72639563 0.07918148]
 [0.20641008 0.13092431 0.19217232 0.47049329]]
**********************************************************************
Node_3 Leaf_3
[[0.849183   0.06134414 0.01930883 0.07016403]
 [0.02928875 0.49307096 0.11904473 0.35859555]
 [0.05166517 0.07502464 0.8012199  0.07209029]
 [0.02273494 0.30377039 0.03416504 0.63932964]]
**********************************************************************
Node_3 Leaf_4
[[0.77803086 0.0347112  0.05350924 0.1337487 ]
 [0.08937847 0.7081652  0.09438665 0.10806967]
 [0.04519424 0.1527499  0.38198637 0.4200695 ]
 [0.3171736  0.00365782 0.01309631 0.66607228]]
**********************************************************************
Node_4 Node_5
[[0.61484301 0.25617713 0.08357249 0.04540737]
 [0.0905906  0.54854488 0.2121289  0.14873562]
 [0.0431841  0.11025854 0.64951758 0.19703978]
 [0.07127963 0.1257928  0.06870069 0.73422688]]
**********************************************************************
Node_4 Node_6
[[0.55808711 0.39002353 0.01543273 0.03645662]
 [0.07696629 0.79095555 0.05260756 0.0794706 ]
 [0.09323495 0.41217305 0.43347616 0.06111584]
 [0.03267256 0.27184383 0.02491535 0.67056825]]
**********************************************************************
Node_5 Leaf_5
[[0.34126299 0.15606276 0.04914903 0.45352522]
 [0.05544408 0.67100431 0.16066259 0.11288903]
 [0.05268885 0.07476975 0.78400111 0.0885403 ]
 [0.06761803 0.12189512 0.0205227  0.78996415]]
**********************************************************************
Node_5 Leaf_6
[[0.77439044 0.01570933 0.16521926 0.04468097]
 [0.21277372 0.51911937 0.12333662 0.1447703 ]
 [0.07179465 0.06547367 0.56810837 0.29462331]
 [0.25679298 0.0212909  0.08701594 0.63490018]]
**********************************************************************
Node_6 Leaf_7
[[0.52384471 0.30691897 0.11667207 0.05256426]
 [0.13644895 0.82422179 0.03424601 0.00508326]
 [0.18063401 0.17984005 0.59242929 0.04709665]
 [0.08002024 0.209787   0.10203573 0.60815703]]
**********************************************************************
Node_6 Leaf_8
[[0.65225288 0.14725126 0.15241774 0.04807812]
 [0.15180175 0.63004271 0.02356881 0.19458673]
 [0.17714379 0.03557781 0.74551615 0.04176224]
 [0.05969267 0.28493349 0.01893661 0.63643724]]
**********************************************************************
Node_7 Node_8
[[0.40631592 0.04446533 0.06164599 0.48757276]
 [0.06082487 0.78080059 0.07093972 0.08743481]
 [0.05561728 0.18423838 0.65049469 0.10964965]
 [0.03222876 0.22072801 0.08014675 0.66689648]]
**********************************************************************
Node_7 Node_11
[[0.82106934 0.04008787 0.03445762 0.10438518]
 [0.21949204 0.64202847 0.1094326  0.02904689]
 [0.12209616 0.10863797 0.64257639 0.12668949]
 [0.09962314 0.10999174 0.26416705 0.52621807]]
**********************************************************************
Node_8 Node_9
[[0.81804591 0.01632228 0.09857224 0.06705957]
 [0.134433   0.53482372 0.22563747 0.10510581]
 [0.44602759 0.02532192 0.47828839 0.0503621 ]
 [0.04077491 0.0503658  0.04510967 0.86374962]]
**********************************************************************
Node_8 Node_10
[[0.45673497 0.32945364 0.1430866  0.07072479]
 [0.13122416 0.70333893 0.1078241  0.0576128 ]
 [0.11543777 0.23523448 0.59036815 0.0589596 ]
 [0.02658624 0.02994084 0.0244752  0.91899771]]
**********************************************************************
Node_9 Leaf_9
[[0.73745739 0.0348562  0.01975171 0.20793471]
 [0.03155099 0.45579569 0.26808415 0.24456917]
 [0.25585276 0.1739822  0.51632249 0.05384254]
 [0.05529743 0.03379221 0.01743912 0.89347124]]
**********************************************************************
Node_9 Leaf_10
[[0.8973847  0.01232845 0.03349525 0.05679161]
 [0.0312412  0.47762409 0.33383706 0.15729764]
 [0.08489783 0.14980315 0.61007089 0.15522814]
 [0.20829625 0.0670959  0.06123879 0.66336906]]
**********************************************************************
Node_10 Leaf_11
[[0.49910677 0.16290764 0.15214159 0.185844  ]
 [0.0965056  0.58131253 0.08919087 0.23299101]
 [0.12473638 0.11995464 0.65697946 0.09832953]
 [0.01552032 0.07358204 0.07790756 0.83299008]]
**********************************************************************
Node_10 Leaf_12
[[0.88457026 0.05255233 0.01445532 0.04842209]
 [0.42965615 0.49155538 0.04058442 0.03820405]
 [0.02125847 0.21071764 0.76448638 0.00353751]
 [0.06895689 0.03961003 0.35034489 0.54108818]]
**********************************************************************
Node_11 Node_12
[[0.74739447 0.05456851 0.09177561 0.10626141]
 [0.24028607 0.58018714 0.0771229  0.10240388]
 [0.09867558 0.09502919 0.51966213 0.2866331 ]
 [0.11214253 0.11077121 0.09415382 0.68293243]]
**********************************************************************
Node_11 Node_13
[[0.4936058  0.08765049 0.1362483  0.28249541]
 [0.17283328 0.55837846 0.03323259 0.23555568]
 [0.0273651  0.04970376 0.8846882  0.03824294]
 [0.1014882  0.18562334 0.02320828 0.68968019]]
**********************************************************************
Node_12 Leaf_13
[[0.64785885 0.04733471 0.17413355 0.13067289]
 [0.38762665 0.40469537 0.08420337 0.12347461]
 [0.12886976 0.12163873 0.70673674 0.04275476]
 [0.17070343 0.01930308 0.02768417 0.78230933]]
**********************************************************************
Node_12 Leaf_14
[[0.74131912 0.03336167 0.16926431 0.05605489]
 [0.13297979 0.62154063 0.22150924 0.02397035]
 [0.02483141 0.20991796 0.61498749 0.15026314]
 [0.23425565 0.04674333 0.13380789 0.58519312]]
**********************************************************************
Node_13 Leaf_15
[[0.62710238 0.23607665 0.04371643 0.09310454]
 [0.07279527 0.74802345 0.03489437 0.1442869 ]
 [0.06056074 0.27844704 0.39534212 0.2656501 ]
 [0.10156129 0.08686504 0.05958271 0.75199096]]
**********************************************************************
Node_13 Leaf_16
[[0.70822796 0.17934725 0.06597632 0.04644847]
 [0.03458539 0.83256214 0.08089073 0.05196174]
 [0.04737045 0.11369156 0.71085947 0.12807852]
 [0.01597454 0.23176686 0.36718548 0.38507313]]
**********************************************************************
