(Leaf_1:0.10,Leaf_2:0.10,(Leaf_3:0.10,Leaf_4:0.10)Node_1:0.10)Root:0.00;

Root Leaf_1
[[0.85830224 0.08653548 0.03983908 0.0153232 ]
 [0.0131936  0.94407548 0.01398733 0.0287436 ]
 [0.02897527 0.03149113 0.90517417 0.03435943]
 [0.01834704 0.01386267 0.0497264  0.9180639 ]]
**********************************************************************
Root Leaf_2
[[0.89139325 0.07689424 0.01324254 0.01846997]
 [0.0520679  0.91698161 0.01768238 0.0132681 ]
 [0.04627606 0.01377899 0.92010131 0.01984364]
 [0.0547711  0.01092008 0.04020714 0.89410168]]
**********************************************************************
Root Node_1
[[0.91017562 0.02097472 0.04172109 0.02712857]
 [0.03987197 0.87606009 0.02793595 0.05613199]
 [0.00133841 0.03011278 0.95564872 0.01290008]
 [0.02564466 0.03481002 0.04732081 0.89222451]]
**********************************************************************
Node_1 Leaf_3
[[0.95023863 0.03393645 0.00795792 0.007867  ]
 [0.02742536 0.89413864 0.05578116 0.02265484]
 [0.0094513  0.08107519 0.86717133 0.04230218]
 [0.02750509 0.03040738 0.02639395 0.91569358]]
**********************************************************************
Node_1 Leaf_4
[[0.88465963 0.04524786 0.04703262 0.02305989]
 [0.04582618 0.91676627 0.02372223 0.01368532]
 [0.06304053 0.00281197 0.90711124 0.02703626]
 [0.05068076 0.01203977 0.019234   0.91804547]]
**********************************************************************
