(Leaf_1:0.50,Leaf_2:0.50,(Leaf_3:0.50,Leaf_4:0.50)Node_1:0.50)Root:0.00;

Root Leaf_1
[[0.50520633 0.29643828 0.15864584 0.03970954]
 [0.08173048 0.72294304 0.09555669 0.09976979]
 [0.04409631 0.16614677 0.71080427 0.07895265]
 [0.06580913 0.27667309 0.08543341 0.57208437]]
**********************************************************************
Root Leaf_2
[[0.73902975 0.08674992 0.14475703 0.0294633 ]
 [0.2376092  0.5797689  0.16099489 0.02162701]
 [0.03887264 0.10582671 0.6474869  0.20781375]
 [0.09728482 0.18798715 0.1494417  0.56528633]]
**********************************************************************
Root Node_1
[[0.56193939 0.29853834 0.04976662 0.08975565]
 [0.04263551 0.78170957 0.0731513  0.10250362]
 [0.11893176 0.1433769  0.62675676 0.11093457]
 [0.07418659 0.20295509 0.17897623 0.54388208]]
**********************************************************************
Node_1 Leaf_3
[[0.77688889 0.08302894 0.04132706 0.09875511]
 [0.0982386  0.47855674 0.09232433 0.33088033]
 [0.03498811 0.16959339 0.7227637  0.07265481]
 [0.09344672 0.15821322 0.06841012 0.67992994]]
**********************************************************************
Node_1 Leaf_4
[[0.50370404 0.09821383 0.10806896 0.29001317]
 [0.06711472 0.83140141 0.0421604  0.05932346]
 [0.08892746 0.07642976 0.64049493 0.19414785]
 [0.11503801 0.22447574 0.06783058 0.59265567]]
**********************************************************************
