(((Leaf_1:0.10,Leaf_2:0.10)Node_2:0.10,(Leaf_3:0.10,Leaf_4:0.10)Node_3:0.10)Node_1:0.10,((Leaf_5:0.10,Leaf_6:0.10)Node_5:0.10,(Leaf_7:0.10,Leaf_8:0.10)Node_6:0.10)Node_4:0.10,(((Leaf_9:0.10,Leaf_10:0.10)Node_9:0.10,(Leaf_11:0.10,Leaf_12:0.10)Node_10:0.10)Node_8:0.10,((Leaf_13:0.10,Leaf_14:0.10)Node_12:0.10,(Leaf_15:0.10,Leaf_16:0.10)Node_13:0.10)Node_11:0.10)Node_7:0.10)Root:0.00;

Root Node_1
[[0.87959761 0.02549217 0.07835305 0.01655717]
 [0.01758774 0.93400958 0.01586924 0.03253344]
 [0.01064814 0.03036675 0.88178687 0.07719824]
 [0.02574716 0.03181509 0.0169661  0.92547166]]
**********************************************************************
Root Node_4
[[0.8959773  0.0195203  0.03348329 0.05101911]
 [0.02573583 0.9250827  0.03481533 0.01436614]
 [0.04560877 0.03857998 0.90441366 0.01139759]
 [0.04943492 0.02628315 0.01950107 0.90478086]]
**********************************************************************
Root Node_7
[[0.88975492 0.06733972 0.02192253 0.02098282]
 [0.00455057 0.93371451 0.05824068 0.00349425]
 [0.02794723 0.03561779 0.91557177 0.02086321]
 [0.00603252 0.00872059 0.09404848 0.89119841]]
**********************************************************************
Node_1 Node_2
[[0.89733274 0.07146194 0.02518739 0.00601793]
 [0.05751416 0.87593691 0.01070109 0.05584783]
 [0.01123433 0.01327857 0.96622182 0.00926529]
 [0.01638024 0.05130907 0.03532437 0.89698632]]
**********************************************************************
Node_1 Node_3
[[0.96890268 0.00187996 0.02019504 0.00902232]
 [0.00584706 0.88686749 0.07267668 0.03460876]
 [0.01804642 0.01156426 0.9389055  0.03148382]
 [0.02118089 0.075092   0.05630342 0.84742369]]
**********************************************************************
Node_2 Leaf_1
[[0.93843477 0.00177723 0.01344761 0.04634039]
 [0.01046101 0.91143559 0.00377842 0.07432498]
 [0.02132833 0.01459269 0.94798139 0.0160976 ]
 [0.0688943  0.06650361 0.02357337 0.84102872]]
**********************************************************************
Node_2 Leaf_2
[[0.93804731 0.01616535 0.00887165 0.03691569]
 [0.01258487 0.94478726 0.02467771 0.01795016]
 [0.03769358 0.02264187 0.9186334  0.02103115]
 [0.0612753  0.07763392 0.02723274 0.83385804]]
**********************************************************************
Node_3 Leaf_3
[[0.92412427 0.02648104 0.02445917 0.02493552]
 [0.0178231  0.90468722 0.05306906 0.02442062]
 [0.03108118 0.02758496 0.89179072 0.04954314]
 [0.03087398 0.03450015 0.02853617 0.9060897 ]]
**********************************************************************
Node_3 Leaf_4
[[0.857735   0.07801642 0.01853836 0.04571021]
 [0.00394014 0.92137219 0.02029272 0.05439495]
 [0.02552837 0.00740226 0.94108612 0.02598325]
 [0.04385323 0.0101961  0.0438909  0.90205976]]
**********************************************************************
Node_4 Node_5
[[0.88007151 0.0133269  0.06530036 0.04130124]
 [0.02851966 0.83750165 0.10834356 0.02563513]
 [0.03264053 0.01686575 0.93232452 0.0181692 ]
 [0.00676532 0.00629422 0.01153462 0.97540584]]
**********************************************************************
Node_4 Node_6
[[0.88285206 0.00691756 0.05310239 0.05712799]
 [0.06984889 0.86699987 0.0309492  0.03220203]
 [0.04919948 0.01949393 0.91304068 0.0182659 ]
 [0.01769816 0.01414256 0.00785608 0.96030319]]
**********************************************************************
Node_5 Leaf_5
[[0.90172582 0.03895406 0.03243526 0.02688487]
 [0.06990613 0.8800475  0.02094822 0.02909815]
 [0.04623889 0.00375778 0.9343342  0.01566913]
 [0.00292891 0.07501174 0.00608411 0.91597523]]
**********************************************************************
Node_5 Leaf_6
[[0.90032636 0.02285913 0.00420551 0.072609  ]
 [0.03203423 0.91344346 0.01530718 0.03921513]
 [0.04550513 0.07858859 0.8580527  0.01785357]
 [0.03130654 0.01136151 0.00709148 0.95024046]]
**********************************************************************
Node_6 Leaf_7
[[0.91299894 0.0116119  0.00770514 0.06768402]
 [0.03931746 0.91192194 0.0115835  0.0371771 ]
 [0.02056083 0.02267045 0.94290924 0.01385948]
 [0.03592693 0.02436202 0.07603893 0.86367212]]
**********************************************************************
Node_6 Leaf_8
[[9.42502921e-01 1.57902014e-03 2.03931622e-02 3.55248968e-02]
 [1.49427382e-02 8.47374187e-01 1.01035839e-01 3.66472356e-02]
 [1.66464735e-02 3.12375497e-03 9.73037475e-01 7.19229662e-03]
 [6.66788961e-02 7.63588320e-04 7.04478366e-02 8.62109679e-01]]
**********************************************************************
Node_7 Node_8
[[0.94523021 0.02816118 0.00420682 0.02240179]
 [0.02796791 0.92071209 0.02775624 0.02356377]
 [0.02648901 0.02581843 0.89149731 0.05619524]
 [0.02689602 0.0512525  0.04868376 0.87316772]]
**********************************************************************
Node_7 Node_11
[[0.88539285 0.04023669 0.04239061 0.03197985]
 [0.03854636 0.88335018 0.06968497 0.00841849]
 [0.03376779 0.02589948 0.89676987 0.04356287]
 [0.00538753 0.0312062  0.00454983 0.95885644]]
**********************************************************************
Node_8 Node_9
[[0.91666291 0.04719612 0.02342743 0.01271355]
 [0.01030298 0.9631275  0.01600948 0.01056004]
 [0.05029761 0.01728845 0.88080733 0.05160661]
 [0.03064647 0.03453976 0.06692834 0.86788543]]
**********************************************************************
Node_8 Node_10
[[0.86303851 0.03900423 0.07585915 0.02209811]
 [0.04091775 0.91050381 0.03847165 0.01010679]
 [0.03511012 0.0184212  0.92567953 0.02078914]
 [0.0064737  0.03553242 0.03171176 0.92628213]]
**********************************************************************
Node_9 Leaf_9
[[0.95415347 0.00498196 0.02216784 0.01869674]
 [0.0540695  0.86468892 0.05192032 0.02932126]
 [0.03184026 0.06231409 0.87725678 0.02858887]
 [0.03945743 0.01447714 0.01008966 0.93597577]]
**********************************************************************
Node_9 Leaf_10
[[0.91756878 0.03446545 0.02080704 0.02715873]
 [0.01504114 0.95214924 0.01419486 0.01861476]
 [0.06398923 0.02593337 0.90225874 0.00781866]
 [0.08989572 0.04795268 0.01093057 0.85122103]]
**********************************************************************
Node_10 Leaf_11
[[0.89559628 0.0318439  0.05231615 0.02024367]
 [0.06664181 0.89747529 0.01956257 0.01632034]
 [0.02261251 0.02617174 0.92878802 0.02242773]
 [0.0520478  0.01459646 0.02584726 0.90750848]]
**********************************************************************
Node_10 Leaf_12
[[0.96936067 0.00699177 0.02074094 0.00290662]
 [0.01477862 0.91329567 0.04004814 0.03187756]
 [0.04187291 0.1236665  0.82369173 0.01076887]
 [0.03765249 0.016972   0.01697744 0.92839807]]
**********************************************************************
Node_11 Node_12
[[0.90422423 0.04822385 0.01156838 0.03598354]
 [0.04664798 0.851778   0.03926646 0.06230757]
 [0.02249113 0.03608673 0.92616404 0.0152581 ]
 [0.03462329 0.01200943 0.00816634 0.94520094]]
**********************************************************************
Node_11 Node_13
[[0.86137204 0.04666282 0.06867127 0.02329388]
 [0.00962295 0.94219096 0.02598672 0.02219938]
 [0.04097358 0.03418485 0.92010589 0.00473567]
 [0.00795385 0.08660475 0.00725832 0.89818309]]
**********************************************************************
Node_12 Leaf_13
[[0.85790839 0.0682148  0.05839713 0.01547968]
 [0.02197537 0.94358909 0.02847727 0.00595828]
 [0.07059394 0.00338235 0.9140448  0.01197892]
 [0.04939515 0.01768707 0.01372455 0.91919323]]
**********************************************************************
Node_12 Leaf_14
[[0.86768982 0.01359695 0.11216251 0.00655073]
 [0.02163957 0.93050592 0.03270848 0.01514603]
 [0.05540548 0.00553148 0.92071421 0.01834884]
 [0.00878575 0.04461999 0.03563364 0.91096062]]
**********************************************************************
Node_13 Leaf_15
[[0.93766933 0.02412324 0.01731154 0.02089589]
 [0.0288102  0.88553809 0.04938276 0.03626894]
 [0.08010601 0.02886902 0.86113898 0.02988598]
 [0.00576652 0.02026824 0.02267672 0.95128852]]
**********************************************************************
Node_13 Leaf_16
[[8.91635837e-01 6.56363471e-02 2.93055469e-02 1.34222689e-02]
 [7.16643088e-04 9.07608472e-01 1.54743604e-02 7.62005242e-02]
 [2.73429489e-02 5.96842707e-03 8.45382145e-01 1.21306479e-01]
 [7.64894228e-03 4.54712920e-04 2.56246805e-02 9.66271664e-01]]
**********************************************************************
