(((Leaf_1:0.10,Leaf_2:0.10)Node_2:0.10,(Leaf_3:0.10,Leaf_4:0.10)Node_3:0.10)Node_1:0.10,(Leaf_5:0.10,Leaf_6:0.10)Node_4:0.10,(Leaf_7:0.10,Leaf_8:0.10)Node_5:0.10)Root:0.00;

Root Node_1
[[0.91850911 0.02154028 0.03441434 0.02553627]
 [0.03450974 0.92671105 0.01027241 0.0285068 ]
 [0.01994053 0.00748032 0.93359215 0.038987  ]
 [0.03693692 0.02963032 0.08402519 0.84940757]]
**********************************************************************
Root Node_4
[[0.94610808 0.01507259 0.01577289 0.02304645]
 [0.02681601 0.91448264 0.03651843 0.02218292]
 [0.05587106 0.09667914 0.84042392 0.00702588]
 [0.03878466 0.0307732  0.00868683 0.9217553 ]]
**********************************************************************
Root Node_5
[[0.8657028  0.07896556 0.02451133 0.0308203 ]
 [0.02727746 0.94156451 0.02865108 0.00250696]
 [0.02219154 0.02837795 0.93309267 0.01633784]
 [0.04615204 0.00691231 0.06786146 0.87907419]]
**********************************************************************
Node_1 Node_2
[[0.89783062 0.03530336 0.06035043 0.00651559]
 [0.08946343 0.87184786 0.00680655 0.03188215]
 [0.06332907 0.00241933 0.92497678 0.00927481]
 [0.02155177 0.01743317 0.02427942 0.93673563]]
**********************************************************************
Node_1 Node_3
[[0.88664227 0.07181216 0.02198766 0.01955792]
 [0.03221491 0.89801636 0.00898407 0.06078465]
 [0.05259435 0.02374953 0.89977332 0.02388281]
 [0.04135105 0.01022933 0.0009829  0.94743672]]
**********************************************************************
Node_2 Leaf_1
[[0.9080878  0.04753904 0.02241488 0.02195829]
 [0.02274119 0.92891349 0.03256868 0.01577664]
 [0.06390878 0.01548159 0.87516497 0.04544467]
 [0.0515912  0.02229073 0.01254928 0.91356879]]
**********************************************************************
Node_2 Leaf_2
[[0.85466723 0.02155984 0.10191886 0.02185407]
 [0.01926871 0.92344593 0.0248919  0.03239346]
 [0.0082928  0.04312391 0.9108813  0.03770199]
 [0.02106687 0.01175618 0.02653889 0.94063806]]
**********************************************************************
Node_3 Leaf_3
[[0.89767329 0.02106944 0.01982993 0.06142734]
 [0.05179104 0.88827021 0.00944466 0.05049409]
 [0.0484573  0.01672829 0.9254886  0.00932581]
 [0.03875408 0.01550184 0.02710809 0.91863599]]
**********************************************************************
Node_3 Leaf_4
[[0.91289095 0.00753404 0.0213254  0.05824962]
 [0.02288471 0.95645836 0.00692461 0.01373232]
 [0.02846791 0.09683439 0.85977325 0.01492445]
 [0.06477917 0.01473718 0.02910824 0.8913754 ]]
**********************************************************************
Node_4 Leaf_5
[[0.86263777 0.02831549 0.0318231  0.07722365]
 [0.03909942 0.92110013 0.01123374 0.02856671]
 [0.00833468 0.00855709 0.95773818 0.02537005]
 [0.05161435 0.01276329 0.03774946 0.8978729 ]]
**********************************************************************
Node_4 Leaf_6
[[0.98809681 0.00205272 0.0040965  0.00575397]
 [0.0353968  0.91313862 0.0451655  0.00629909]
 [0.07628668 0.13756652 0.74930661 0.03684018]
 [0.00263649 0.01352842 0.00661636 0.97721872]]
**********************************************************************
Node_5 Leaf_7
[[9.07821535e-01 5.50632910e-02 3.10419796e-02 6.07319479e-03]
 [5.09119994e-03 9.77987794e-01 2.14474450e-03 1.47762612e-02]
 [9.63466313e-04 2.07759508e-02 9.45179296e-01 3.30812874e-02]
 [3.02643831e-02 1.79523495e-01 2.53497396e-02 7.64862382e-01]]
**********************************************************************
Node_5 Leaf_8
[[9.43991259e-01 2.39501329e-04 5.15452950e-02 4.22394496e-03]
 [3.41516879e-02 8.81775341e-01 1.14991953e-02 7.25737758e-02]
 [6.19895995e-02 3.37208066e-04 9.11893040e-01 2.57801529e-02]
 [5.67189943e-02 3.97500041e-02 2.71710401e-03 9.00813898e-01]]
**********************************************************************
