(((Leaf_1:0.50,Leaf_2:0.50)Node_2:0.50,(Leaf_3:0.50,Leaf_4:0.50)Node_3:0.50)Node_1:0.50,((Leaf_5:0.50,Leaf_6:0.50)Node_5:0.50,(Leaf_7:0.50,Leaf_8:0.50)Node_6:0.50)Node_4:0.50,(((Leaf_9:0.50,Leaf_10:0.50)Node_9:0.50,(Leaf_11:0.50,Leaf_12:0.50)Node_10:0.50)Node_8:0.50,((Leaf_13:0.50,Leaf_14:0.50)Node_12:0.50,(Leaf_15:0.50,Leaf_16:0.50)Node_13:0.50)Node_11:0.50)Node_7:0.50)Root:0.00;

Root Node_1
[[0.77608111 0.07335983 0.12528664 0.02527243]
 [0.02161385 0.80977288 0.06278261 0.10583066]
 [0.08269749 0.14241992 0.47824199 0.2966406 ]
 [0.1000205  0.0610734  0.21917858 0.61972752]]
**********************************************************************
Root Node_4
[[0.75056363 0.07969301 0.08510603 0.08463733]
 [0.13785418 0.62850292 0.13831575 0.09532715]
 [0.20805105 0.03879531 0.55522168 0.19793196]
 [0.05775855 0.04668511 0.25818897 0.63736737]]
**********************************************************************
Root Node_7
[[0.63154992 0.11634711 0.06345188 0.18865109]
 [0.11414746 0.59585787 0.20541845 0.08457623]
 [0.29869485 0.04499328 0.62972676 0.02658511]
 [0.2297352  0.02814353 0.08157582 0.66054545]]
**********************************************************************
Node_1 Node_2
[[0.44615671 0.11497938 0.25216509 0.18669882]
 [0.01792492 0.45128414 0.34984178 0.18094916]
 [0.00400615 0.05335705 0.83159965 0.11103715]
 [0.07895106 0.06958126 0.05701921 0.79444847]]
**********************************************************************
Node_1 Node_3
[[0.82323048 0.03600403 0.09734557 0.04341992]
 [0.06218261 0.66657635 0.10448662 0.16675442]
 [0.23005159 0.15976878 0.36661986 0.24355977]
 [0.07677988 0.06080817 0.07873018 0.78368178]]
**********************************************************************
Node_2 Leaf_1
[[0.66496559 0.12230286 0.14468768 0.06804388]
 [0.15295535 0.78286263 0.06079765 0.00338437]
 [0.22143371 0.02568471 0.56269591 0.19018567]
 [0.05412482 0.15494828 0.14958066 0.64134625]]
**********************************************************************
Node_2 Leaf_2
[[0.67499633 0.15936829 0.03929617 0.1263392 ]
 [0.08981434 0.58764061 0.10177572 0.22076933]
 [0.00626068 0.06317327 0.70241802 0.22814803]
 [0.10838214 0.2152104  0.044866   0.63154147]]
**********************************************************************
Node_3 Leaf_3
[[0.55533952 0.15370143 0.10129322 0.18966584]
 [0.17880555 0.66897771 0.07624834 0.07596841]
 [0.1710223  0.06297988 0.7017995  0.06419831]
 [0.19506631 0.0454998  0.08488008 0.67455381]]
**********************************************************************
Node_3 Leaf_4
[[0.70914151 0.08458117 0.08818871 0.11808861]
 [0.11036004 0.78370173 0.05008117 0.05585706]
 [0.19426597 0.21475063 0.49765757 0.09332583]
 [0.14240838 0.03617959 0.22220919 0.59920284]]
**********************************************************************
Node_4 Node_5
[[0.63434405 0.16849896 0.13339815 0.06375884]
 [0.09105028 0.68276373 0.14090519 0.08528079]
 [0.03987854 0.12718125 0.62937444 0.20356577]
 [0.03015261 0.15858272 0.17964357 0.6316211 ]]
**********************************************************************
Node_4 Node_6
[[0.62434949 0.20508263 0.13351136 0.03705653]
 [0.04713045 0.79283853 0.05846468 0.10156634]
 [0.05067477 0.01334066 0.86779327 0.0681913 ]
 [0.18455679 0.41264562 0.03890583 0.36389176]]
**********************************************************************
Node_5 Leaf_5
[[0.65343558 0.16822562 0.07461073 0.10372808]
 [0.04970596 0.74085918 0.12097425 0.08846061]
 [0.01876173 0.02903593 0.53473486 0.41746749]
 [0.15812297 0.21674536 0.0506647  0.57446697]]
**********************************************************************
Node_5 Leaf_6
[[0.62194122 0.11313905 0.0471542  0.21776553]
 [0.04361699 0.81689887 0.04136054 0.0981236 ]
 [0.1483238  0.08374087 0.63968516 0.12825016]
 [0.11662276 0.36814558 0.02302501 0.49220665]]
**********************************************************************
Node_6 Leaf_7
[[0.83618897 0.01660195 0.06511665 0.08209243]
 [0.03513941 0.43184535 0.22854689 0.30446835]
 [0.06045675 0.08516892 0.54892658 0.30544775]
 [0.13250818 0.03497664 0.01611603 0.81639915]]
**********************************************************************
Node_6 Leaf_8
[[0.6412292  0.04977709 0.11857283 0.19042088]
 [0.05995907 0.64704062 0.10369562 0.18930469]
 [0.18391871 0.06536888 0.59799591 0.1527165 ]
 [0.04766218 0.17415187 0.06214611 0.71603984]]
**********************************************************************
Node_7 Node_8
[[0.5689266  0.06498699 0.29883923 0.06724718]
 [0.06451903 0.7445397  0.14611436 0.0448269 ]
 [0.17469895 0.14102753 0.65308881 0.03118471]
 [0.25311457 0.02556689 0.10374125 0.61757729]]
**********************************************************************
Node_7 Node_11
[[0.82465683 0.03350654 0.06271788 0.07911875]
 [0.17379642 0.4691914  0.12289487 0.23411731]
 [0.23053927 0.03459744 0.51646379 0.2183995 ]
 [0.05492981 0.10135557 0.11142466 0.73228997]]
**********************************************************************
Node_8 Node_9
[[0.91865511 0.03995763 0.01959748 0.02178978]
 [0.0670401  0.47115476 0.17392511 0.28788004]
 [0.02021183 0.10151279 0.7929555  0.08531988]
 [0.02029216 0.24020413 0.17361751 0.5658862 ]]
**********************************************************************
Node_8 Node_10
[[0.85942036 0.03298595 0.00946279 0.0981309 ]
 [0.04438419 0.71732724 0.21184059 0.02644798]
 [0.07587082 0.02411856 0.60770399 0.29230663]
 [0.08614695 0.18189638 0.24703488 0.48492179]]
**********************************************************************
Node_9 Leaf_9
[[0.65603792 0.03452825 0.23056221 0.07887162]
 [0.15030987 0.67191099 0.06925156 0.10852759]
 [0.07881071 0.06713494 0.5571291  0.29692526]
 [0.05087635 0.21098804 0.06194209 0.67619352]]
**********************************************************************
Node_9 Leaf_10
[[0.65811554 0.17247729 0.13961182 0.02979535]
 [0.03784329 0.69812258 0.17145394 0.09258019]
 [0.22423821 0.06981034 0.59494243 0.11100902]
 [0.10994821 0.14475453 0.14435117 0.60094609]]
**********************************************************************
Node_10 Leaf_11
[[0.68961539 0.07557693 0.2099211  0.02488658]
 [0.07184781 0.78051636 0.08421118 0.06342465]
 [0.0245301  0.0589723  0.83293197 0.08356563]
 [0.32008626 0.25854186 0.1210857  0.30028617]]
**********************************************************************
Node_10 Leaf_12
[[0.62746863 0.05600032 0.23483985 0.0816912 ]
 [0.16003393 0.54700353 0.18529064 0.10767191]
 [0.07739295 0.01795748 0.79382886 0.11082071]
 [0.41125365 0.06578688 0.00182104 0.52113842]]
**********************************************************************
Node_11 Node_12
[[0.67511942 0.22447575 0.05696177 0.04344306]
 [0.03994132 0.80427919 0.06263194 0.09314754]
 [0.00888534 0.43244336 0.53993078 0.01874052]
 [0.03453985 0.30809754 0.08716895 0.57019367]]
**********************************************************************
Node_11 Node_13
[[0.52775263 0.13873824 0.08789403 0.24561509]
 [0.10898548 0.68552836 0.15850666 0.0469795 ]
 [0.13605656 0.17989789 0.58728211 0.09676344]
 [0.05962712 0.0683425  0.03873354 0.83329683]]
**********************************************************************
Node_12 Leaf_13
[[0.53489339 0.17053012 0.12260036 0.17197612]
 [0.13213771 0.69830166 0.06527971 0.10428092]
 [0.14915263 0.11723545 0.61000073 0.12361119]
 [0.08890863 0.05204612 0.11013037 0.74891488]]
**********************************************************************
Node_12 Leaf_14
[[0.56969822 0.01938656 0.32984823 0.08106698]
 [0.15505919 0.60512826 0.09941698 0.14039556]
 [0.14536901 0.02190574 0.6588829  0.17384234]
 [0.09652098 0.04289369 0.07667466 0.78391067]]
**********************************************************************
Node_13 Leaf_15
[[0.72383001 0.0375715  0.01456119 0.2240373 ]
 [0.07732195 0.75570918 0.01583162 0.15113725]
 [0.03659132 0.01379315 0.68987817 0.25973736]
 [0.15536763 0.31466823 0.05160846 0.47835568]]
**********************************************************************
Node_13 Leaf_16
[[0.86621626 0.05763545 0.04552472 0.03062358]
 [0.05529024 0.66468276 0.08527247 0.19475454]
 [0.15336204 0.0872796  0.61109848 0.14825988]
 [0.51628112 0.05329074 0.04688624 0.3835419 ]]
**********************************************************************
