(((Leaf_1:0.50,Leaf_2:0.50)Node_2:0.50,(Leaf_3:0.50,Leaf_4:0.50)Node_3:0.50)Node_1:0.50,(Leaf_5:0.50,Leaf_6:0.50)Node_4:0.50,(Leaf_7:0.50,Leaf_8:0.50)Node_5:0.50)Root:0.00;

Root Node_1
[[0.54281129 0.25992889 0.13352139 0.06373843]
 [0.19602429 0.55606628 0.18672817 0.06118126]
 [0.01980063 0.02370835 0.89502294 0.06146808]
 [0.1252295  0.06653092 0.20379841 0.60444117]]
**********************************************************************
Root Node_4
[[0.61183628 0.11769027 0.20876187 0.06171158]
 [0.11717675 0.8196818  0.02611359 0.03702787]
 [0.24899205 0.08017838 0.60707517 0.0637544 ]
 [0.19855054 0.0890504  0.17789787 0.53450119]]
**********************************************************************
Root Node_5
[[0.66497351 0.13942005 0.04841934 0.1471871 ]
 [0.16591615 0.7571361  0.04108577 0.03586198]
 [0.23792227 0.24763485 0.39939462 0.11504826]
 [0.09532684 0.09142373 0.08881487 0.72443456]]
**********************************************************************
Node_1 Node_2
[[0.82540792 0.07370496 0.04946418 0.05142294]
 [0.1082332  0.68967766 0.1070171  0.09507204]
 [0.11945679 0.21284959 0.53061611 0.13707751]
 [0.11905333 0.11550555 0.20170526 0.56373586]]
**********************************************************************
Node_1 Node_3
[[0.62015686 0.14419407 0.09447367 0.1411754 ]
 [0.10846808 0.76984363 0.00683299 0.1148553 ]
 [0.04381241 0.14676797 0.77036981 0.03904981]
 [0.13653977 0.15804146 0.28883359 0.41658518]]
**********************************************************************
Node_2 Leaf_1
[[0.60954545 0.24075291 0.06613833 0.08356332]
 [0.13858072 0.60679208 0.14710173 0.10752547]
 [0.08787412 0.10740564 0.64059476 0.16412547]
 [0.10032544 0.14018504 0.05779968 0.70168984]]
**********************************************************************
Node_2 Leaf_2
[[0.52362789 0.05371916 0.37875066 0.0439023 ]
 [0.08711708 0.8495617  0.01807755 0.04524366]
 [0.18390834 0.0247046  0.6844263  0.10696075]
 [0.08803852 0.25611383 0.09665377 0.55919388]]
**********************************************************************
Node_3 Leaf_3
[[0.69154285 0.05303433 0.22774445 0.02767837]
 [0.0574191  0.67916897 0.14095693 0.122455  ]
 [0.096278   0.04019659 0.56043241 0.30309301]
 [0.04158237 0.19602455 0.09620526 0.66618782]]
**********************************************************************
Node_3 Leaf_4
[[0.7366041  0.09999459 0.11463977 0.04876153]
 [0.03812291 0.60182642 0.17902213 0.18102855]
 [0.09557279 0.10197379 0.68852374 0.11392968]
 [0.10021367 0.14124282 0.1962654  0.56227811]]
**********************************************************************
Node_4 Leaf_5
[[0.75919441 0.13346144 0.04149126 0.06585289]
 [0.03873463 0.5925305  0.12309066 0.24564421]
 [0.03684152 0.2383217  0.64180319 0.08303359]
 [0.24290329 0.08271889 0.10562348 0.56875434]]
**********************************************************************
Node_4 Leaf_6
[[0.50658659 0.06155092 0.18493462 0.24692786]
 [0.03230903 0.82032728 0.01976202 0.12760167]
 [0.08449692 0.21596372 0.61686881 0.08267055]
 [0.02214913 0.35171913 0.01802755 0.60810418]]
**********************************************************************
Node_5 Leaf_7
[[0.73641938 0.04935407 0.15102323 0.06320332]
 [0.0888219  0.69608317 0.0165524  0.19854253]
 [0.05832814 0.22766221 0.52763413 0.18637552]
 [0.17208952 0.06202033 0.16785211 0.59803803]]
**********************************************************************
Node_5 Leaf_8
[[0.80271846 0.01965441 0.15184447 0.02578266]
 [0.20869404 0.57425257 0.1335465  0.0835069 ]
 [0.02218034 0.18035343 0.72684473 0.0706215 ]
 [0.29696515 0.10797791 0.14369187 0.45136507]]
**********************************************************************
