(((Leaf_1:0.10,Leaf_2:0.10)Node_2:0.10,(Leaf_3:0.10,Leaf_4:0.10)Node_3:0.10)Node_1:0.10,((Leaf_5:0.10,Leaf_6:0.10)Node_5:0.10,(Leaf_7:0.10,Leaf_8:0.10)Node_6:0.10)Node_4:0.10,(((Leaf_9:0.10,Leaf_10:0.10)Node_9:0.10,(Leaf_11:0.10,Leaf_12:0.10)Node_10:0.10)Node_8:0.10,((Leaf_13:0.10,Leaf_14:0.10)Node_12:0.10,(Leaf_15:0.10,Leaf_16:0.10)Node_13:0.10)Node_11:0.10)Node_7:0.10)Root:0.00;

Root Node_1
[[0.86364185 0.06735601 0.02920737 0.03979478]
 [0.02438717 0.94936962 0.01959061 0.0066526 ]
 [0.0439912  0.0428158  0.89993706 0.01325594]
 [0.05521789 0.01408645 0.02114279 0.90955287]]
**********************************************************************
Root Node_4
[[0.93403327 0.00898061 0.00858692 0.0483992 ]
 [0.05094298 0.8848432  0.04662385 0.01758997]
 [0.03478908 0.01238375 0.91682187 0.0360053 ]
 [0.03976345 0.01265869 0.05247182 0.89510604]]
**********************************************************************
Root Node_7
[[0.86067124 0.01517553 0.05873674 0.0654165 ]
 [0.04799991 0.9243416  0.00973861 0.01791988]
 [0.02016983 0.01615076 0.94560871 0.01807071]
 [0.03855421 0.04282708 0.02044393 0.89817477]]
**********************************************************************
Node_1 Node_2
[[0.88075889 0.07482991 0.0222263  0.0221849 ]
 [0.0757671  0.83763837 0.03648899 0.05010555]
 [0.00201766 0.01395119 0.97375679 0.01027436]
 [0.0228531  0.00757077 0.01732793 0.95224819]]
**********************************************************************
Node_1 Node_3
[[0.95871862 0.01047468 0.00922724 0.02157946]
 [0.01986996 0.91057864 0.06094712 0.00860428]
 [0.01053303 0.04863189 0.89044642 0.05038866]
 [0.0400519  0.0041107  0.08355662 0.87228078]]
**********************************************************************
Node_2 Leaf_1
[[0.88789408 0.04895038 0.04153234 0.02162321]
 [0.01687958 0.91348127 0.03385073 0.03578842]
 [0.04420996 0.01314013 0.91451116 0.02813876]
 [0.01130807 0.00810371 0.07190766 0.90868056]]
**********************************************************************
Node_2 Leaf_2
[[0.9037781  0.05399394 0.01575825 0.02646971]
 [0.0121481  0.89972595 0.02192222 0.06620373]
 [0.01302155 0.016302   0.95313251 0.01754394]
 [0.00461844 0.10773665 0.01826883 0.86937608]]
**********************************************************************
Node_3 Leaf_3
[[0.84347694 0.0550284  0.07783606 0.0236586 ]
 [0.02099225 0.92253236 0.01846418 0.03801121]
 [0.03037364 0.02479103 0.92750432 0.01733101]
 [0.03621518 0.01353812 0.01460707 0.93563963]]
**********************************************************************
Node_3 Leaf_4
[[0.88328473 0.03575759 0.06169699 0.0192607 ]
 [0.07279294 0.90663928 0.01086728 0.00970049]
 [0.02756997 0.00540884 0.92551068 0.0415105 ]
 [0.03766276 0.00664419 0.04057855 0.9151145 ]]
**********************************************************************
Node_4 Node_5
[[0.89911562 0.0156202  0.05116269 0.03410149]
 [0.00991621 0.94826125 0.01450627 0.02731627]
 [0.10205672 0.00759378 0.84922575 0.04112375]
 [0.02441322 0.02105186 0.01693535 0.93759957]]
**********************************************************************
Node_4 Node_6
[[0.8629204  0.08004592 0.04219909 0.01483459]
 [0.01865148 0.96546156 0.00380415 0.01208281]
 [0.06519091 0.09648852 0.83141232 0.00690826]
 [0.01119522 0.01414561 0.0096147  0.96504447]]
**********************************************************************
Node_5 Leaf_5
[[0.91041148 0.02053068 0.05227337 0.01678447]
 [0.04746016 0.8913086  0.01292508 0.04830616]
 [0.08201567 0.02188245 0.85895535 0.03714652]
 [0.00675657 0.0179564  0.00684779 0.96843924]]
**********************************************************************
Node_5 Leaf_6
[[0.90818444 0.03278733 0.04455733 0.01447089]
 [0.06677085 0.90088628 0.02386674 0.00847613]
 [0.04569776 0.01907689 0.8705074  0.06471795]
 [0.02712279 0.01918482 0.00726518 0.94642721]]
**********************************************************************
Node_6 Leaf_7
[[0.92801156 0.0339434  0.02286875 0.01517628]
 [0.03211788 0.91036135 0.01852131 0.03899946]
 [0.04668804 0.07222654 0.8397605  0.04132492]
 [0.00695417 0.02253542 0.022604   0.94790641]]
**********************************************************************
Node_6 Leaf_8
[[0.89797322 0.01912035 0.01565728 0.06724916]
 [0.00310954 0.88092133 0.0449537  0.07101543]
 [0.0346726  0.01885292 0.93390419 0.0125703 ]
 [0.02364181 0.00564311 0.04860865 0.92210643]]
**********************************************************************
Node_7 Node_8
[[0.87657495 0.01185784 0.05358415 0.05798306]
 [0.00551433 0.93369751 0.01171187 0.04907629]
 [0.0602042  0.01385596 0.87474472 0.05119512]
 [0.01434783 0.02881395 0.00832917 0.94850904]]
**********************************************************************
Node_7 Node_11
[[0.92292279 0.03248336 0.03278002 0.01181384]
 [0.02512582 0.91473591 0.0469092  0.01322907]
 [0.03093703 0.05509252 0.90291881 0.01105165]
 [0.0144966  0.04193196 0.06711691 0.87645453]]
**********************************************************************
Node_8 Node_9
[[0.89969022 0.02492777 0.00663586 0.06874616]
 [0.02395234 0.91573614 0.04325478 0.01705674]
 [0.00322187 0.01188898 0.94912581 0.03576335]
 [0.03973679 0.0036669  0.09301232 0.86358399]]
**********************************************************************
Node_8 Node_10
[[0.94038662 0.01580473 0.00218303 0.04162562]
 [0.00208438 0.89363197 0.03709841 0.06718524]
 [0.00183541 0.03689737 0.93450223 0.02676499]
 [0.07490395 0.03129358 0.03028131 0.86352116]]
**********************************************************************
Node_9 Leaf_9
[[0.94244192 0.01659486 0.01188107 0.02908215]
 [0.09424067 0.84758255 0.05550645 0.00267034]
 [0.00394755 0.0365153  0.92990749 0.02962966]
 [0.05127833 0.00192278 0.03599761 0.91080128]]
**********************************************************************
Node_9 Leaf_10
[[0.86146379 0.05569212 0.05021624 0.03262784]
 [0.04220708 0.89297596 0.05635575 0.00846121]
 [0.03957609 0.04766242 0.90351902 0.00924247]
 [0.02217197 0.00210208 0.00257449 0.97315145]]
**********************************************************************
Node_10 Leaf_11
[[0.95444897 0.00817851 0.02474107 0.01263145]
 [0.01019215 0.89046908 0.07433213 0.02500663]
 [0.06008411 0.02351494 0.87740534 0.03899562]
 [0.03567426 0.0221778  0.03501784 0.90713011]]
**********************************************************************
Node_10 Leaf_12
[[0.91713938 0.04172044 0.01851844 0.02262175]
 [0.15414764 0.80727857 0.00760836 0.03096544]
 [0.0138022  0.00904622 0.96493548 0.01221609]
 [0.00737487 0.02920947 0.01403629 0.94937936]]
**********************************************************************
Node_11 Node_12
[[0.89846149 0.06318241 0.02456097 0.01379513]
 [0.09640188 0.88690259 0.00745048 0.00924505]
 [0.03932346 0.00701174 0.94691564 0.00674916]
 [0.08829873 0.00542697 0.01213322 0.89414107]]
**********************************************************************
Node_11 Node_13
[[0.9609538  0.01376069 0.009664   0.01562151]
 [0.00833488 0.93140878 0.01293446 0.04732188]
 [0.04590873 0.06140626 0.83408555 0.05859946]
 [0.02197655 0.04012352 0.02815918 0.90974075]]
**********************************************************************
Node_12 Leaf_13
[[0.86275458 0.02907956 0.08772903 0.02043682]
 [0.03659992 0.90618079 0.03611854 0.02110075]
 [0.01157933 0.00928336 0.93555876 0.04357855]
 [0.01050395 0.01077151 0.05449885 0.92422569]]
**********************************************************************
Node_12 Leaf_14
[[0.94280434 0.00120937 0.00420079 0.0517855 ]
 [0.01472961 0.91876528 0.00866123 0.05784388]
 [0.00649711 0.07393046 0.8303138  0.08925864]
 [0.00562362 0.00129462 0.03706099 0.95602077]]
**********************************************************************
Node_13 Leaf_15
[[0.93494691 0.00979141 0.04006246 0.01519923]
 [0.02845766 0.86923788 0.07925167 0.02305279]
 [0.03945657 0.05163133 0.89075853 0.01815357]
 [0.01410441 0.03335253 0.01307051 0.93947255]]
**********************************************************************
Node_13 Leaf_16
[[0.90440037 0.0112064  0.07054515 0.01384809]
 [0.01141092 0.95590533 0.02433553 0.00834822]
 [0.08139747 0.00845094 0.86726612 0.04288547]
 [0.02411316 0.03404467 0.03950852 0.90233365]]
**********************************************************************
