(Leaf_1:0.50,Leaf_2:0.50,(Leaf_3:0.50,Leaf_4:0.50)Node_1:0.50)Root:0.00;

Root Leaf_1
[[0.90356809 0.06179403 0.02289433 0.01174355]
 [0.0952948  0.58581944 0.19568516 0.1232006 ]
 [0.08668765 0.02697551 0.77670017 0.10963667]
 [0.41722395 0.11036964 0.12459349 0.34781292]]
**********************************************************************
Root Leaf_2
[[0.6673927  0.16677302 0.10285893 0.06297535]
 [0.08851094 0.70626923 0.12260765 0.08261218]
 [0.12723828 0.16864571 0.57019956 0.13391646]
 [0.19334308 0.15275504 0.06720899 0.5866929 ]]
**********************************************************************
Root Node_1
[[0.66523482 0.03462839 0.16576004 0.13437675]
 [0.02639878 0.77205277 0.14398309 0.05756537]
 [0.10238099 0.16840798 0.63589628 0.09331475]
 [0.17924108 0.27187279 0.05665227 0.49223386]]
**********************************************************************
Node_1 Leaf_3
[[0.55986826 0.04581009 0.07839384 0.31592781]
 [0.19698996 0.45970812 0.30204747 0.04125445]
 [0.02554975 0.13954792 0.7461206  0.08878174]
 [0.01916709 0.09210098 0.05152437 0.83720756]]
**********************************************************************
Node_1 Leaf_4
[[0.7449409  0.08156398 0.08555147 0.08794366]
 [0.03987634 0.75242138 0.13035959 0.07734269]
 [0.07409171 0.21876492 0.59608231 0.11106106]
 [0.19118899 0.22183917 0.11412456 0.47284728]]
**********************************************************************
