(Leaf_1:0.50,Leaf_2:0.50,(Leaf_3:0.50,Leaf_4:0.50)Node_1:0.50)Root:0.00;

Root Leaf_1
[[0.5476014  0.18131424 0.04819047 0.22289388]
 [0.03274708 0.65663209 0.15462135 0.15599947]
 [0.23052138 0.14910374 0.59234618 0.0280287 ]
 [0.02314537 0.05885879 0.24763243 0.67036341]]
**********************************************************************
Root Leaf_2
[[0.73079548 0.07542178 0.06083389 0.13294885]
 [0.22249798 0.56890075 0.09294501 0.11565625]
 [0.08123752 0.10934323 0.63171527 0.17770398]
 [0.1183418  0.16656774 0.10232618 0.61276428]]
**********************************************************************
Root Node_1
[[0.48995258 0.13457529 0.166867   0.20860513]
 [0.05792156 0.71572227 0.08270595 0.14365022]
 [0.16141485 0.05665838 0.70248441 0.07944236]
 [0.12280777 0.1230597  0.08080916 0.67332337]]
**********************************************************************
Node_1 Leaf_3
[[0.65428014 0.10360971 0.13092989 0.11118025]
 [0.31270457 0.49358615 0.10647378 0.0872355 ]
 [0.12146865 0.12868187 0.71306261 0.03678687]
 [0.16416961 0.05687079 0.06404214 0.71491746]]
**********************************************************************
Node_1 Leaf_4
[[0.68371879 0.093618   0.08144798 0.14121523]
 [0.16542206 0.43630423 0.26460191 0.1336718 ]
 [0.05780937 0.08210972 0.83449305 0.02558787]
 [0.0370417  0.2739044  0.00972195 0.67933195]]
**********************************************************************
