(((Leaf_1:0.50,Leaf_2:0.50)Node_2:0.50,(Leaf_3:0.50,Leaf_4:0.50)Node_3:0.50)Node_1:0.50,((Leaf_5:0.50,Leaf_6:0.50)Node_5:0.50,(Leaf_7:0.50,Leaf_8:0.50)Node_6:0.50)Node_4:0.50,(((Leaf_9:0.50,Leaf_10:0.50)Node_9:0.50,(Leaf_11:0.50,Leaf_12:0.50)Node_10:0.50)Node_8:0.50,((Leaf_13:0.50,Leaf_14:0.50)Node_12:0.50,(Leaf_15:0.50,Leaf_16:0.50)Node_13:0.50)Node_11:0.50)Node_7:0.50)Root:0.00;

Root Node_1
[[0.52595193 0.09196266 0.29649156 0.08559385]
 [0.02055216 0.84776141 0.04421465 0.08747178]
 [0.12378269 0.30468874 0.49170534 0.07982323]
 [0.08318012 0.05458468 0.1169821  0.74525311]]
**********************************************************************
Root Node_4
[[0.69903349 0.0334828  0.15224352 0.11524019]
 [0.10858287 0.594856   0.20964245 0.08691869]
 [0.36874378 0.05718963 0.56041324 0.01365335]
 [0.0363623  0.17276733 0.07157349 0.71929688]]
**********************************************************************
Root Node_7
[[0.66908028 0.21743316 0.08017395 0.03331261]
 [0.18633587 0.65869004 0.12868771 0.02628638]
 [0.08835172 0.08102121 0.4658636  0.36476348]
 [0.06179584 0.0351944  0.09024495 0.81276481]]
**********************************************************************
Node_1 Node_2
[[0.4366217  0.16973541 0.1803803  0.21326259]
 [0.09579721 0.65963203 0.17186552 0.07270524]
 [0.06775599 0.18567381 0.69912789 0.04744231]
 [0.06735298 0.06546707 0.0828523  0.78432765]]
**********************************************************************
Node_1 Node_3
[[0.70563168 0.13784604 0.13570992 0.02081236]
 [0.45140686 0.43108852 0.06125477 0.05624985]
 [0.19207572 0.03644685 0.73330652 0.03817091]
 [0.08073411 0.06058153 0.05368858 0.80499578]]
**********************************************************************
Node_2 Leaf_1
[[0.33743826 0.01697698 0.15062464 0.49496012]
 [0.0849852  0.73087392 0.04801152 0.13612936]
 [0.01430266 0.18659095 0.72108526 0.07802112]
 [0.0684881  0.0724809  0.0714676  0.7875634 ]]
**********************************************************************
Node_2 Leaf_2
[[0.59020469 0.09992711 0.08341343 0.22645476]
 [0.08134586 0.69252075 0.13923228 0.08690111]
 [0.17838588 0.1197199  0.6358594  0.06603482]
 [0.15972893 0.11891425 0.04646633 0.67489049]]
**********************************************************************
Node_3 Leaf_3
[[0.63660252 0.04381103 0.16059419 0.15899226]
 [0.05415995 0.63981273 0.11453942 0.19148791]
 [0.04000628 0.0480625  0.59457533 0.31735589]
 [0.16838815 0.07742129 0.09785188 0.65633868]]
**********************************************************************
Node_3 Leaf_4
[[0.40842734 0.52630722 0.05429591 0.01096953]
 [0.07889207 0.63643113 0.13995895 0.14471785]
 [0.20004466 0.00890954 0.76293376 0.02811205]
 [0.03743481 0.09843998 0.05183103 0.81229418]]
**********************************************************************
Node_4 Node_5
[[0.78967193 0.04075381 0.09011454 0.07945972]
 [0.10068674 0.57592072 0.29570991 0.02768263]
 [0.26872873 0.04593667 0.58996544 0.09536916]
 [0.08454982 0.13228967 0.23633431 0.5468262 ]]
**********************************************************************
Node_4 Node_6
[[0.60092755 0.26952179 0.02290042 0.10665024]
 [0.16974051 0.58696829 0.16215694 0.08113425]
 [0.13101469 0.17104686 0.63886719 0.05907126]
 [0.07244487 0.11982904 0.03979522 0.76793086]]
**********************************************************************
Node_5 Leaf_5
[[0.75098382 0.16963342 0.02789912 0.05148364]
 [0.27367301 0.50731972 0.12683842 0.09216884]
 [0.09276651 0.0619436  0.70441461 0.14087528]
 [0.15388475 0.19447995 0.01911137 0.63252393]]
**********************************************************************
Node_5 Leaf_6
[[0.46309962 0.06509601 0.3237292  0.14807517]
 [0.18801154 0.5628559  0.17060482 0.07852774]
 [0.07817438 0.07823807 0.80021572 0.04337183]
 [0.06947355 0.02440096 0.18042888 0.72569661]]
**********************************************************************
Node_6 Leaf_7
[[0.67096563 0.21317227 0.02100721 0.09485489]
 [0.11165469 0.7153595  0.0947878  0.07819801]
 [0.15981909 0.19685821 0.44466185 0.19866085]
 [0.11039431 0.14849215 0.05248391 0.68862963]]
**********************************************************************
Node_6 Leaf_8
[[0.86587442 0.03876903 0.03473173 0.06062482]
 [0.17119757 0.67480797 0.10696119 0.04703327]
 [0.26280679 0.08510256 0.46126604 0.1908246 ]
 [0.20811863 0.2481482  0.04438414 0.49934903]]
**********************************************************************
Node_7 Node_8
[[0.60052121 0.03403876 0.13391194 0.23152809]
 [0.0216034  0.87541819 0.03364737 0.06933103]
 [0.05001806 0.04160795 0.7689258  0.13944819]
 [0.10252884 0.31411382 0.16317167 0.42018568]]
**********************************************************************
Node_7 Node_11
[[0.47698012 0.11903787 0.01121782 0.39276419]
 [0.05355758 0.58058267 0.20742967 0.15843008]
 [0.00961429 0.08064569 0.75988878 0.14985124]
 [0.08578288 0.08510004 0.10632506 0.72279202]]
**********************************************************************
Node_8 Node_9
[[0.59396949 0.09346111 0.16381323 0.14875617]
 [0.25156134 0.53981886 0.03079186 0.17782793]
 [0.14048274 0.08650136 0.71591604 0.05709987]
 [0.05262863 0.05480314 0.17894572 0.71362252]]
**********************************************************************
Node_8 Node_10
[[0.71084613 0.09011216 0.10763067 0.09141104]
 [0.06765614 0.84017054 0.01014984 0.08202348]
 [0.39564974 0.09613081 0.40479645 0.103423  ]
 [0.06871292 0.25688898 0.03672094 0.63767716]]
**********************************************************************
Node_9 Leaf_9
[[0.61624039 0.08210598 0.08776411 0.21388952]
 [0.29727117 0.50650682 0.16024111 0.0359809 ]
 [0.15848879 0.04084844 0.75085323 0.04980954]
 [0.11126361 0.05761897 0.18267224 0.64844518]]
**********************************************************************
Node_9 Leaf_10
[[0.73811871 0.07390791 0.02068418 0.1672892 ]
 [0.08874428 0.55121799 0.20563768 0.15440004]
 [0.34028885 0.01921594 0.53309516 0.10740005]
 [0.04698973 0.14637489 0.13557794 0.67105744]]
**********************************************************************
Node_10 Leaf_11
[[0.78024194 0.03940909 0.01762125 0.16272772]
 [0.31131307 0.58603163 0.04318729 0.05946801]
 [0.1015026  0.31190804 0.39763739 0.18895197]
 [0.07380737 0.14645743 0.04210371 0.73763149]]
**********************************************************************
Node_10 Leaf_12
[[0.61949893 0.16340119 0.19353725 0.02356263]
 [0.16136231 0.72181401 0.09567962 0.02114407]
 [0.09761541 0.06079563 0.74692017 0.09466879]
 [0.0087112  0.02682038 0.43991449 0.52455394]]
**********************************************************************
Node_11 Node_12
[[0.68342124 0.04338723 0.12997865 0.14321289]
 [0.05737893 0.69192274 0.01926006 0.23143827]
 [0.16333288 0.20572297 0.5986082  0.03233595]
 [0.1006431  0.14709846 0.14462464 0.6076338 ]]
**********************************************************************
Node_11 Node_13
[[0.50539663 0.18106784 0.11049218 0.20304335]
 [0.09295919 0.61938348 0.1632838  0.12437353]
 [0.10545356 0.13100374 0.72764768 0.03589502]
 [0.02272589 0.08769178 0.20624486 0.68333747]]
**********************************************************************
Node_12 Leaf_13
[[0.65783551 0.0961137  0.10668426 0.13936654]
 [0.11561315 0.76774768 0.10943547 0.00720371]
 [0.04997832 0.30073933 0.53808118 0.11120117]
 [0.1052293  0.26702796 0.07257319 0.55516955]]
**********************************************************************
Node_12 Leaf_14
[[0.71010429 0.2026854  0.03788463 0.04932567]
 [0.20152083 0.6265015  0.03725568 0.134722  ]
 [0.07295755 0.16184223 0.56147335 0.20372687]
 [0.08230913 0.09434403 0.14969009 0.67365675]]
**********************************************************************
Node_13 Leaf_15
[[0.43715326 0.0260692  0.08159457 0.45518298]
 [0.0671933  0.68100838 0.14183268 0.10996563]
 [0.02466367 0.13106832 0.7787952  0.06547281]
 [0.06480006 0.16022059 0.12368159 0.65129776]]
**********************************************************************
Node_13 Leaf_16
[[0.56791801 0.0716606  0.31999147 0.04042992]
 [0.08137668 0.69496684 0.06913387 0.15452261]
 [0.15618898 0.04262767 0.62768465 0.1734987 ]
 [0.18774865 0.0558396  0.05395561 0.70245614]]
**********************************************************************
