(Leaf_1:0.50,Leaf_2:0.50,(Leaf_3:0.50,Leaf_4:0.50)Node_1:0.50)Root:0.00;

Root Leaf_1
[[0.55895468 0.07796165 0.25241473 0.11066893]
 [0.05564624 0.56256218 0.33362273 0.04816885]
 [0.14526578 0.03626762 0.7613956  0.057071  ]
 [0.16938305 0.1491627  0.03788441 0.64356984]]
**********************************************************************
Root Leaf_2
[[0.70748719 0.05052278 0.03350257 0.20848747]
 [0.13210125 0.65494554 0.08190821 0.131045  ]
 [0.13997051 0.02925256 0.45357749 0.37719945]
 [0.04370093 0.13219489 0.10790485 0.71619932]]
**********************************************************************
Root Node_1
[[0.64298221 0.05174383 0.25407589 0.05119806]
 [0.27980874 0.48515109 0.07851524 0.15652493]
 [0.03300394 0.21691217 0.72268297 0.02740092]
 [0.09672624 0.15878167 0.07417842 0.67031367]]
**********************************************************************
Node_1 Leaf_3
[[0.81358147 0.0224439  0.12474227 0.03923235]
 [0.01962978 0.66606655 0.16680959 0.14749408]
 [0.07935499 0.14373985 0.67065586 0.1062493 ]
 [0.20000676 0.19911101 0.15115326 0.44972897]]
**********************************************************************
Node_1 Leaf_4
[[0.72532795 0.1367173  0.03292648 0.10502827]
 [0.19492277 0.78281411 0.0063441  0.01591902]
 [0.20935234 0.19926339 0.56744448 0.02393979]
 [0.10150187 0.11749342 0.36200707 0.41899764]]
**********************************************************************
