(((Leaf_1:0.50,Leaf_2:0.50)Node_2:0.50,(Leaf_3:0.50,Leaf_4:0.50)Node_3:0.50)Node_1:0.50,(Leaf_5:0.50,Leaf_6:0.50)Node_4:0.50,(Leaf_7:0.50,Leaf_8:0.50)Node_5:0.50)Root:0.00;

Root Node_1
[[0.63273535 0.02415368 0.12449801 0.21861296]
 [0.0372813  0.81197803 0.11344029 0.03730038]
 [0.21073947 0.05140358 0.63810321 0.09975374]
 [0.17621468 0.23206933 0.07377216 0.51794383]]
**********************************************************************
Root Node_4
[[0.67999848 0.02079418 0.20858405 0.09062329]
 [0.11779127 0.42349797 0.39624523 0.06246553]
 [0.01175331 0.04704256 0.70432693 0.2368772 ]
 [0.0120635  0.02676848 0.27523425 0.68593377]]
**********************************************************************
Root Node_5
[[0.78213615 0.03185883 0.12595552 0.0600495 ]
 [0.06011397 0.43531388 0.37532727 0.12924488]
 [0.07172527 0.03801416 0.8124142  0.07784638]
 [0.08262575 0.22387375 0.14783565 0.54566485]]
**********************************************************************
Node_1 Node_2
[[0.58494201 0.03236333 0.05617023 0.32652443]
 [0.19975823 0.64585109 0.02968698 0.1247037 ]
 [0.03015816 0.16620679 0.79310813 0.01052692]
 [0.10172989 0.12099371 0.25865434 0.51862206]]
**********************************************************************
Node_1 Node_3
[[0.72764689 0.09036054 0.0120613  0.16993128]
 [0.1184899  0.78049618 0.09701541 0.00399851]
 [0.10827528 0.39675702 0.36694087 0.12802684]
 [0.16015373 0.11464165 0.01785973 0.70734489]]
**********************************************************************
Node_2 Leaf_1
[[0.60014757 0.0775056  0.16266541 0.15968142]
 [0.19376814 0.73755555 0.05077986 0.01789645]
 [0.14921618 0.06838693 0.66042717 0.12196972]
 [0.13989893 0.05899707 0.23314471 0.56795929]]
**********************************************************************
Node_2 Leaf_2
[[0.53932222 0.05346681 0.12805781 0.27915315]
 [0.0294353  0.61617246 0.22284842 0.13154383]
 [0.04291935 0.05434843 0.75695407 0.14577815]
 [0.16468234 0.07558704 0.12084721 0.63888341]]
**********************************************************************
Node_3 Leaf_3
[[0.80155002 0.07607576 0.03417173 0.08820249]
 [0.32717778 0.53402362 0.0339848  0.1048138 ]
 [0.34777603 0.15736089 0.4353368  0.05952628]
 [0.13730376 0.13665696 0.01400212 0.71203716]]
**********************************************************************
Node_3 Leaf_4
[[0.62345423 0.11896227 0.15985726 0.09772624]
 [0.08315852 0.78769098 0.1049877  0.02416281]
 [0.02590071 0.06587021 0.49513456 0.41309453]
 [0.1695258  0.17991963 0.03506277 0.6154918 ]]
**********************************************************************
Node_4 Leaf_5
[[0.70112804 0.02109263 0.12468742 0.15309191]
 [0.43055086 0.34228975 0.09853999 0.1286194 ]
 [0.01788297 0.06179177 0.78686995 0.13345531]
 [0.09421297 0.04941479 0.12214027 0.73423197]]
**********************************************************************
Node_4 Leaf_6
[[0.80751082 0.03539574 0.07925829 0.07783514]
 [0.03761481 0.62128513 0.25292645 0.08817361]
 [0.04155472 0.23621832 0.53704886 0.18517809]
 [0.07558697 0.03470598 0.13130231 0.75840474]]
**********************************************************************
Node_5 Leaf_7
[[0.67548477 0.15024276 0.12661351 0.04765896]
 [0.09678975 0.58397074 0.2225065  0.096733  ]
 [0.22485478 0.04108755 0.70476311 0.02929456]
 [0.08168838 0.09282697 0.30053375 0.5249509 ]]
**********************************************************************
Node_5 Leaf_8
[[0.67766996 0.03266278 0.09265671 0.19701056]
 [0.12863813 0.46241989 0.18776543 0.22117654]
 [0.1477834  0.07080505 0.70686592 0.07454563]
 [0.03539989 0.14699466 0.08691974 0.73068571]]
**********************************************************************
