(Leaf_1:0.10,Leaf_2:0.10,(Leaf_3:0.10,Leaf_4:0.10)Node_1:0.10)Root:0.00;

Root Leaf_1
[[0.88294079 0.0246439  0.02296611 0.0694492 ]
 [0.03534824 0.94838278 0.00401099 0.01225798]
 [0.02496772 0.0016321  0.94131399 0.03208618]
 [0.04180413 0.00635432 0.08982061 0.86202095]]
**********************************************************************
Root Leaf_2
[[0.95614712 0.00733571 0.00804373 0.02847344]
 [0.08251837 0.88554676 0.00703261 0.02490226]
 [0.04830327 0.00540001 0.90781212 0.03848459]
 [0.00641568 0.0352162  0.08053066 0.87783746]]
**********************************************************************
Root Node_1
[[0.94153867 0.04618474 0.00633395 0.00594264]
 [0.02523078 0.87103837 0.06580871 0.03792214]
 [0.05990949 0.01362961 0.91884762 0.00761328]
 [0.01790159 0.0453936  0.03901549 0.89768931]]
**********************************************************************
Node_1 Leaf_3
[[0.88165109 0.03474882 0.05399498 0.0296051 ]
 [0.03520275 0.92015593 0.02380745 0.02083387]
 [0.02279642 0.02495112 0.91084388 0.04140858]
 [0.0381594  0.04184956 0.0068324  0.91315864]]
**********************************************************************
Node_1 Leaf_4
[[0.94849295 0.00837005 0.03026677 0.01287024]
 [0.04888013 0.90470301 0.03531229 0.01110457]
 [0.02779371 0.05206091 0.87078699 0.0493584 ]
 [0.04951254 0.03501045 0.01682774 0.89864928]]
**********************************************************************
