(Leaf_1:0.10,Leaf_2:0.10,(Leaf_3:0.10,Leaf_4:0.10)Node_1:0.10)Root:0.00;

Root Leaf_1
[[0.92914751 0.04007635 0.0110996  0.01967654]
 [0.02930576 0.94312023 0.01853417 0.00903984]
 [0.00512851 0.08215594 0.81617479 0.09654076]
 [0.01649147 0.00624287 0.03794549 0.93932017]]
**********************************************************************
Root Leaf_2
[[0.93906559 0.01742884 0.03278252 0.01072306]
 [0.03760899 0.8821116  0.06338394 0.01689548]
 [0.00543732 0.05245185 0.85685811 0.08525272]
 [0.01457999 0.03065909 0.00116284 0.95359808]]
**********************************************************************
Root Node_1
[[0.89732021 0.01118966 0.06005087 0.03143926]
 [0.07525388 0.88769615 0.02306403 0.01398595]
 [0.03764271 0.05395008 0.89159802 0.0168092 ]
 [0.01261148 0.02758931 0.00442085 0.95537836]]
**********************************************************************
Node_1 Leaf_3
[[0.91435677 0.0482956  0.014164   0.02318363]
 [0.03975249 0.95221906 0.00606592 0.00196253]
 [0.01704799 0.08541352 0.86012504 0.03741345]
 [0.0074665  0.05468049 0.04902067 0.88883235]]
**********************************************************************
Node_1 Leaf_4
[[0.95344442 0.0105807  0.01732356 0.01865132]
 [0.03680159 0.95578433 0.00466848 0.00274559]
 [0.04393848 0.01120607 0.87511594 0.06973951]
 [0.06891121 0.03016893 0.05385419 0.84706567]]
**********************************************************************
