(Leaf_1:0.50,Leaf_2:0.50,(Leaf_3:0.50,Leaf_4:0.50)Node_1:0.50)Root:0.00;

Root Leaf_1
[[0.74888813 0.16561334 0.03946186 0.04603666]
 [0.04295009 0.80501451 0.03824358 0.11379182]
 [0.39359445 0.0233721  0.48652096 0.09651248]
 [0.05319733 0.03344889 0.36355291 0.54980087]]
**********************************************************************
Root Leaf_2
[[0.58195565 0.16255935 0.13830507 0.11717992]
 [0.12982005 0.75440988 0.0728532  0.04291687]
 [0.30134459 0.10194277 0.53855193 0.05816071]
 [0.16519942 0.07481204 0.04249534 0.7174932 ]]
**********************************************************************
Root Node_1
[[0.60953785 0.07090739 0.17983186 0.1397229 ]
 [0.1026524  0.7386831  0.09482073 0.06384377]
 [0.1649943  0.06829075 0.58777789 0.17893706]
 [0.11491849 0.04320581 0.19973002 0.64214568]]
**********************************************************************
Node_1 Leaf_3
[[0.71851024 0.07416786 0.13976881 0.06755308]
 [0.08615711 0.74576449 0.12887987 0.03919853]
 [0.04013755 0.42530131 0.44851678 0.08604436]
 [0.11629897 0.08422606 0.11018418 0.6892908 ]]
**********************************************************************
Node_1 Leaf_4
[[0.55529427 0.2919487  0.05761255 0.09514447]
 [0.0477955  0.74895788 0.14079367 0.06245294]
 [0.11304013 0.07539787 0.74793892 0.06362307]
 [0.07298018 0.33209447 0.1297583  0.46516705]]
**********************************************************************
