(((Leaf_1:1.50,Leaf_2:1.50)Node_2:1.50,(Leaf_3:1.50,Leaf_4:1.50)Node_3:1.50)Node_1:1.50,((Leaf_5:1.50,Leaf_6:1.50)Node_5:1.50,(Leaf_7:1.50,Leaf_8:1.50)Node_6:1.50)Node_4:1.50,(((Leaf_9:1.50,Leaf_10:1.50)Node_9:1.50,(Leaf_11:1.50,Leaf_12:1.50)Node_10:1.50)Node_8:1.50,((Leaf_13:1.50,Leaf_14:1.50)Node_12:1.50,(Leaf_15:1.50,Leaf_16:1.50)Node_13:1.50)Node_11:1.50)Node_7:1.50)Root:0.00;

Root Node_1
[[0.52756526 0.102001   0.26466194 0.1057718 ]
 [0.17426791 0.23281843 0.3559402  0.23697346]
 [0.22010875 0.22988146 0.4534228  0.09658699]
 [0.16288735 0.1709164  0.31576495 0.3504313 ]]
**********************************************************************
Root Node_4
[[0.31810101 0.38273932 0.17000892 0.12915075]
 [0.22592672 0.46545863 0.12959122 0.17902343]
 [0.3141442  0.12179842 0.35105691 0.21300048]
 [0.23524018 0.33435365 0.11972418 0.31068199]]
**********************************************************************
Root Node_7
[[0.27936679 0.35005623 0.14015823 0.23041874]
 [0.17525867 0.38070707 0.25052624 0.19350801]
 [0.22533247 0.18753491 0.34976844 0.23736418]
 [0.22444464 0.21103034 0.19674227 0.36778275]]
**********************************************************************
Node_1 Node_2
[[0.63750306 0.08947114 0.20672271 0.06630309]
 [0.39038306 0.25122175 0.20355017 0.15484502]
 [0.34747369 0.07744457 0.276446   0.29863574]
 [0.21821418 0.06748841 0.2655274  0.44877001]]
**********************************************************************
Node_1 Node_3
[[0.34623604 0.25510585 0.17798425 0.22067386]
 [0.11839664 0.32382334 0.35336002 0.20442   ]
 [0.17477102 0.26180024 0.43185342 0.13157531]
 [0.07209839 0.29783394 0.24774099 0.38232668]]
**********************************************************************
Node_2 Leaf_1
[[0.2359392  0.21928099 0.22049538 0.32428443]
 [0.20186743 0.40849478 0.18747198 0.20216581]
 [0.25252179 0.0605473  0.40557517 0.28135574]
 [0.18436242 0.0573657  0.09548239 0.66278949]]
**********************************************************************
Node_2 Leaf_2
[[0.59657183 0.03324293 0.28271273 0.0874725 ]
 [0.21613546 0.33692308 0.17559823 0.27134323]
 [0.48422228 0.06825549 0.31221709 0.13530513]
 [0.3592074  0.11881083 0.22754398 0.2944378 ]]
**********************************************************************
Node_3 Leaf_3
[[0.6177762  0.16768731 0.09963108 0.11490541]
 [0.21089246 0.41381714 0.18823477 0.18705563]
 [0.35066876 0.29333471 0.26253062 0.0934659 ]
 [0.34251651 0.28805361 0.13776044 0.23166944]]
**********************************************************************
Node_3 Leaf_4
[[0.34129823 0.11343919 0.35729378 0.1879688 ]
 [0.10265493 0.47813352 0.07463798 0.34457357]
 [0.17369529 0.20655483 0.515955   0.10379488]
 [0.17945903 0.37779346 0.06398129 0.37876622]]
**********************************************************************
Node_4 Node_5
[[0.20964734 0.15523784 0.39202863 0.2430862 ]
 [0.11948227 0.27092128 0.41571    0.19388645]
 [0.13042841 0.09913    0.47002079 0.3004208 ]
 [0.19294639 0.23871763 0.21017458 0.3581614 ]]
**********************************************************************
Node_4 Node_6
[[0.33285583 0.25893409 0.1688661  0.23934398]
 [0.14298411 0.32617273 0.21883852 0.31200464]
 [0.15663756 0.18170996 0.27001926 0.39163322]
 [0.18163832 0.18337324 0.16610713 0.46888131]]
**********************************************************************
Node_5 Leaf_5
[[0.32080298 0.07288484 0.21278041 0.39353177]
 [0.20994503 0.30104829 0.2076561  0.28135058]
 [0.16340878 0.24449633 0.39061253 0.20148236]
 [0.24332148 0.13141675 0.17412818 0.4511336 ]]
**********************************************************************
Node_5 Leaf_6
[[0.30298898 0.15185749 0.36948316 0.17567037]
 [0.18422148 0.23370106 0.37529847 0.20677898]
 [0.214442   0.10493134 0.53868606 0.14194061]
 [0.09560306 0.14697706 0.42729559 0.33012429]]
**********************************************************************
Node_6 Leaf_7
[[0.57136806 0.10233572 0.27043055 0.05586568]
 [0.10560739 0.59892577 0.14530397 0.15016287]
 [0.21123537 0.19391429 0.20429941 0.39055092]
 [0.36541646 0.11604339 0.21805254 0.30048761]]
**********************************************************************
Node_6 Leaf_8
[[0.50772779 0.15101626 0.23338978 0.10786618]
 [0.19518682 0.37370837 0.20154174 0.22956307]
 [0.1854605  0.34755908 0.29506285 0.17191757]
 [0.42512055 0.15939279 0.12852986 0.2869568 ]]
**********************************************************************
Node_7 Node_8
[[0.28007042 0.21828539 0.2404289  0.26121529]
 [0.04899504 0.5914778  0.09075175 0.26877542]
 [0.23678102 0.0913178  0.34733753 0.32456366]
 [0.14744585 0.35197087 0.15855365 0.34202964]]
**********************************************************************
Node_7 Node_11
[[0.38475399 0.22158985 0.23972166 0.1539345 ]
 [0.23519455 0.36892933 0.07529302 0.3205831 ]
 [0.09093382 0.12932267 0.65806525 0.12167825]
 [0.16435938 0.35765835 0.11144513 0.36653713]]
**********************************************************************
Node_8 Node_9
[[0.27254033 0.33975767 0.12106024 0.26664176]
 [0.22441847 0.36551362 0.32695548 0.08311243]
 [0.25577512 0.19593326 0.33463283 0.2136588 ]
 [0.18245604 0.27820557 0.25532222 0.28401617]]
**********************************************************************
Node_8 Node_10
[[0.2372619  0.21789626 0.40580045 0.13904139]
 [0.05925587 0.3919259  0.34249763 0.2063206 ]
 [0.04121804 0.22388904 0.50156862 0.2333243 ]
 [0.081481   0.24931462 0.39585593 0.27334845]]
**********************************************************************
Node_9 Leaf_9
[[0.26028507 0.26662991 0.28948235 0.18360267]
 [0.25054767 0.46030742 0.15152752 0.13761739]
 [0.10578667 0.27513298 0.4674076  0.15167275]
 [0.13552249 0.1828375  0.424244   0.25739602]]
**********************************************************************
Node_9 Leaf_10
[[0.30216689 0.12486483 0.08871694 0.48425134]
 [0.16196843 0.26488805 0.1190486  0.45409492]
 [0.11014253 0.14990091 0.33588182 0.40407474]
 [0.2115723  0.12037604 0.13597188 0.53207978]]
**********************************************************************
Node_10 Leaf_11
[[0.295852   0.27352582 0.21502991 0.21559227]
 [0.23080423 0.2981102  0.24567804 0.22540752]
 [0.16458172 0.05572733 0.27986726 0.4998237 ]
 [0.12944328 0.10429039 0.1377605  0.62850583]]
**********************************************************************
Node_10 Leaf_12
[[0.50389298 0.18966948 0.06987832 0.23655923]
 [0.10343827 0.49822007 0.31110694 0.08723472]
 [0.17754031 0.39000959 0.33636006 0.09609005]
 [0.27232753 0.27561834 0.19797172 0.25408241]]
**********************************************************************
Node_11 Node_12
[[0.54356277 0.1277392  0.23491867 0.09377936]
 [0.13004105 0.28840196 0.41994797 0.16160902]
 [0.10071158 0.2746676  0.42429367 0.20032715]
 [0.08967114 0.14399808 0.14918628 0.6171445 ]]
**********************************************************************
Node_11 Node_13
[[0.34443282 0.16527444 0.27388016 0.21641257]
 [0.25832747 0.26170827 0.12407813 0.35588613]
 [0.20499212 0.15431788 0.38668732 0.25400268]
 [0.12252529 0.22882106 0.11473306 0.53392058]]
**********************************************************************
Node_12 Leaf_13
[[0.3102365  0.17147525 0.18220795 0.33608029]
 [0.20775152 0.31985657 0.14095156 0.33144034]
 [0.12913697 0.29487687 0.24057225 0.33541391]
 [0.17726314 0.07815355 0.23294065 0.51164266]]
**********************************************************************
Node_12 Leaf_14
[[0.44373603 0.27168893 0.10308416 0.18149088]
 [0.43682077 0.3045808  0.05519371 0.20340473]
 [0.11137609 0.18319812 0.37451718 0.33090861]
 [0.061298   0.11888294 0.27929037 0.54052869]]
**********************************************************************
Node_13 Leaf_15
[[0.3449223  0.3837071  0.08245808 0.18891252]
 [0.14212925 0.39274023 0.12581271 0.33931781]
 [0.13414551 0.3549597  0.29373132 0.21716348]
 [0.11246884 0.33742594 0.09128925 0.45881597]]
**********************************************************************
Node_13 Leaf_16
[[0.27307816 0.18447193 0.27493229 0.26751762]
 [0.24574418 0.29393841 0.12897019 0.33134722]
 [0.2437718  0.19680042 0.37043844 0.18898933]
 [0.10759044 0.21248889 0.07841892 0.60150175]]
**********************************************************************
