Root Leaf_1
[[0.86263237 0.03991714 0.05618626 0.04126424]
 [0.05632162 0.828025   0.07866938 0.036984  ]
 [0.01315823 0.0220087  0.90670497 0.05812811]
 [0.04469675 0.07641274 0.04245754 0.83643296]]
**********************************************************************
Root Leaf_2
[[9.37250598e-01 1.00190391e-02 2.30950568e-02 2.96353059e-02]
 [1.33520484e-02 9.62712404e-01 1.33832885e-02 1.05522592e-02]
 [2.81709481e-03 2.22252671e-02 9.60216967e-01 1.47406715e-02]
 [1.59959168e-02 9.31297930e-04 8.51148272e-03 9.74561303e-01]]
**********************************************************************
Root Node_1
[[0.92189743 0.02281911 0.04893419 0.00634928]
 [0.00539004 0.93726415 0.01328078 0.04406502]
 [0.01041961 0.0062865  0.96776577 0.01552812]
 [0.00201044 0.00891622 0.01079797 0.97827537]]
**********************************************************************
Node_1 Leaf_3
[[0.93457742 0.02398818 0.02991102 0.01152338]
 [0.13755304 0.74370903 0.01464587 0.10409206]
 [0.0707495  0.10569521 0.81409856 0.00945673]
 [0.0082092  0.02495621 0.02740113 0.93943346]]
**********************************************************************
Node_1 Leaf_4
[[0.98154646 0.00296057 0.01025854 0.00523443]
 [0.00610303 0.93816111 0.04900146 0.00673439]
 [0.0061008  0.01479484 0.96681201 0.01229235]
 [0.00343418 0.01891238 0.01761915 0.96003428]]
**********************************************************************
